data/dummy_raster.asc
ncols 	 50 
nrows 	 80 
xllcorner 	 0.0 
yllcorner 	 0.0 
cellsize 	 2.0 
NODATA_value 	 -9999.9 
[rows 0 to 49 of 80, columns 0 to 49 of 50]
8.567 9.243 5.294 2.574 5.305 -9999.900 3.904 1.044 3.468 7.428 5.760 -9999.900 7.618 2.326 7.082 3.771 7.264 2.619 -9999.900 6.398 8.454 8.098 5.404 4.176 5.052 0.905 7.758 6.133 1.325 -9999.900 4.489 -9999.900 8.670 8.393 5.454 2.603 6.939 7.485 5.172 2.382 6.031 3.668 5.676 5.977 8.440 1.820 8.813 7.309 1.405 7.163
-9999.900 9.197 4.478 5.419 4.286 6.692 6.943 -9999.900 -9999.900 2.235 -9999.900 6.997 3.463 3.956 -9999.900 5.331 3.076 -9999.900 6.413 3.074 6.226 8.629 5.314 1.064 2.429 4.473 2.310 1.156 4.133 2.172 9.345 7.880 6.571 4.288 2.265 2.758 3.929 3.622 7.417 5.302 -9999.900 -9999.900 7.257 4.630 4.280 6.522 3.570 5.789 1.406 -9999.900
7.635 7.456 -9999.900 7.419 5.861 -9999.900 7.246 7.502 8.924 5.013 2.038 7.511 2.558 3.817 5.416 6.698 2.788 1.338 0.627 0.913 7.541 4.854 7.152 8.465 0.892 5.293 3.616 8.182 2.876 2.368 9.170 -9999.900 5.778 8.906 1.943 4.041 4.208 1.360 2.131 8.331 -9999.900 3.687 7.978 2.194 8.046 2.571 1.493 -9999.900 2.002 5.374
5.325 5.394 8.228 1.476 1.333 9.031 0.770 4.700 0.977 5.989 3.510 3.733 1.715 4.345 7.682 -9999.900 2.132 4.983 2.248 5.714 9.427 -9999.900 3.269 8.284 3.409 3.791 1.248 -9999.900 1.479 3.056 2.799 2.270 8.365 9.341 8.090 5.506 2.742 5.552 2.535 -9999.900 9.101 9.412 3.489 1.552 6.000 2.465 5.268 1.979 1.441 -9999.900
8.012 4.675 1.315 8.649 0.871 5.469 4.886 3.224 4.003 4.507 8.236 2.513 4.425 -9999.900 7.317 0.725 4.541 -9999.900 2.695 1.021 0.808 5.836 7.152 7.543 4.006 3.971 8.398 3.653 2.671 4.969 2.034 1.819 3.987 7.599 5.950 7.437 -9999.900 5.981 7.292 7.945 3.870 -9999.900 6.938 5.119 4.094 8.445 2.633 2.528 6.233 1.640
0.722 7.644 1.131 7.078 0.690 4.176 4.524 1.059 9.054 7.663 7.834 -9999.900 4.550 2.343 9.444 6.434 5.335 8.909 9.180 5.710 5.258 7.946 1.175 1.234 5.591 5.006 4.389 2.476 -9999.900 5.967 5.055 0.955 0.879 -9999.900 5.563 7.834 -9999.900 -9999.900 2.946 1.980 2.805 7.729 4.362 8.899 9.225 2.944 1.799 8.979 2.456 7.843
4.943 3.067 7.160 2.480 1.091 7.744 -9999.900 4.370 4.230 4.631 3.579 1.925 -9999.900 6.313 1.279 9.234 3.175 8.351 6.207 8.137 2.888 5.304 1.190 5.550 1.911 9.265 3.724 8.932 4.140 0.801 7.115 6.347 -9999.900 7.652 -9999.900 4.211 0.812 2.719 -9999.900 1.722 7.320 8.877 1.577 1.341 5.888 3.144 3.152 2.668 1.718 1.919
9.172 5.437 -9999.900 2.977 9.266 6.328 8.522 7.679 9.475 1.755 1.244 7.104 4.548 3.414 8.545 3.271 6.846 1.258 0.769 2.692 -9999.900 2.359 3.433 7.713 5.251 2.736 2.910 4.196 3.308 0.776 -9999.900 5.761 7.395 4.429 4.576 5.924 7.872 3.528 2.396 5.365 5.018 4.596 2.468 2.435 7.872 2.904 7.507 0.873 8.224 2.891
2.068 7.246 8.894 5.381 2.046 5.505 3.380 -9999.900 2.304 7.063 8.218 6.913 4.498 2.426 3.546 6.115 4.860 7.672 6.381 -9999.900 -9999.900 4.533 1.515 5.530 2.730 3.962 4.623 4.817 9.458 2.811 2.673 -9999.900 3.143 7.826 2.533 8.203 6.481 -9999.900 5.606 0.644 4.493 6.979 9.285 7.935 4.569 8.418 8.684 1.058 4.436 6.303
1.960 8.700 3.871 5.610 2.138 6.036 6.358 4.375 5.508 7.427 0.932 0.767 3.352 -9999.900 7.993 7.787 6.333 1.855 3.497 2.157 8.198 1.251 2.771 4.697 4.881 5.371 7.150 3.934 7.860 6.981 3.292 9.198 5.638 4.351 9.414 1.828 4.666 -9999.900 -9999.900 7.342 4.660 5.867 3.767 8.187 2.609 1.358 2.928 9.378 4.918 1.617
3.641 1.656 6.434 8.233 5.653 1.337 3.872 3.807 7.258 3.149 6.508 3.414 1.289 1.403 6.731 7.089 2.497 9.365 3.038 5.520 2.069 8.624 3.997 8.518 2.763 8.573 1.913 8.276 3.069 3.819 2.642 4.766 5.625 3.762 8.859 2.158 6.260 3.148 -9999.900 -9999.900 5.781 2.568 9.040 9.184 7.606 2.836 2.799 0.912 9.483 6.782
5.551 8.176 4.572 7.609 3.880 7.583 4.128 8.954 7.070 8.227 5.510 8.066 6.457 4.661 7.672 4.416 3.075 8.174 7.423 3.411 6.143 1.991 5.634 9.141 5.244 6.420 4.441 3.203 -9999.900 3.000 5.194 7.939 1.563 0.619 2.435 2.446 3.555 7.609 8.807 6.798 7.102 1.500 3.870 2.520 8.557 5.900 0.997 4.821 -9999.900 4.418
6.340 1.716 1.156 1.222 7.005 5.945 6.871 1.838 2.007 -9999.900 2.002 7.569 8.490 -9999.900 9.038 0.752 -9999.900 6.621 9.288 0.782 -9999.900 5.974 8.198 5.219 5.585 0.805 2.764 4.704 3.620 3.035 7.544 2.290 7.336 3.215 3.334 3.118 8.088 9.012 2.945 7.369 -9999.900 5.193 8.237 5.950 8.924 6.918 2.657 8.712 2.165 7.731
2.349 9.140 8.764 8.449 1.729 7.270 3.457 2.425 3.765 9.306 7.205 6.660 7.309 7.201 7.265 6.435 1.805 0.847 6.763 3.039 6.451 4.642 8.154 6.395 1.825 0.760 8.286 7.276 5.193 1.300 9.377 -9999.900 3.246 7.883 8.309 6.747 3.991 4.587 9.144 3.860 1.813 5.405 5.002 5.464 3.350 3.562 8.334 4.202 6.303 6.961
-9999.900 6.176 6.961 -9999.900 0.995 3.614 5.193 -9999.900 3.582 7.818 4.249 4.377 1.102 2.271 6.477 5.446 2.759 3.528 2.076 5.385 -9999.900 -9999.900 2.845 6.360 3.204 4.852 9.397 6.794 3.957 9.378 3.870 4.634 5.098 6.724 3.341 6.684 5.751 -9999.900 2.357 7.246 2.185 -9999.900 0.833 5.637 8.580 4.733 1.676 5.858 6.645 9.465
1.391 9.272 8.432 -9999.900 3.156 3.789 6.474 5.388 1.094 1.686 0.910 -9999.900 -9999.900 8.987 8.496 7.283 7.921 2.161 4.192 6.729 8.033 2.243 6.518 8.847 1.455 0.822 -9999.900 6.922 4.919 7.546 1.646 7.132 6.976 5.141 -9999.900 4.223 5.512 3.999 4.166 1.980 -9999.900 1.725 4.071 9.273 0.995 6.282 8.224 8.599 -9999.900 4.476
3.093 0.993 4.470 3.344 4.899 -9999.900 8.126 6.752 5.134 3.918 8.998 4.754 1.736 5.098 -9999.900 8.236 7.172 7.740 8.042 6.816 3.060 0.958 1.666 1.438 1.636 9.415 5.612 -9999.900 6.334 6.197 -9999.900 -9999.900 -9999.900 4.089 5.942 2.689 4.162 -9999.900 8.640 6.868 5.402 1.126 1.558 8.811 -9999.900 7.462 6.954 -9999.900 8.647 2.478
4.057 6.731 7.974 6.278 8.347 4.104 2.314 4.479 6.185 5.210 1.202 4.204 3.769 6.228 2.329 2.152 6.861 9.080 6.888 1.629 6.792 3.402 6.090 7.696 2.405 8.357 2.140 9.396 1.959 2.796 2.877 5.731 9.267 4.152 5.568 8.818 3.540 6.837 6.257 6.162 0.920 3.559 1.352 3.793 1.154 8.287 -9999.900 2.737 9.187 1.399
5.722 5.769 8.277 9.283 1.718 7.962 7.248 3.781 9.095 4.231 8.944 6.696 6.177 3.845 2.834 3.111 -9999.900 6.036 5.788 -9999.900 1.003 4.605 6.041 1.895 4.756 2.455 5.022 8.595 -9999.900 -9999.900 8.188 1.612 3.586 6.811 8.371 6.285 0.975 2.053 5.664 6.733 4.806 5.821 2.212 1.425 7.162 5.121 3.670 -9999.900 6.477 -9999.900
7.023 7.146 5.377 -9999.900 2.229 2.724 5.516 9.095 2.595 1.797 3.079 -9999.900 4.924 4.363 9.157 -9999.900 4.500 -9999.900 -9999.900 4.775 5.662 3.077 2.754 9.144 -9999.900 0.891 1.854 -9999.900 -9999.900 3.649 0.723 1.709 7.192 8.998 7.464 7.443 2.553 2.703 6.349 1.230 6.468 5.786 2.079 4.198 -9999.900 5.280 5.727 3.341 3.164 3.439
6.801 1.278 1.937 1.128 3.345 7.950 -9999.900 3.200 3.861 -9999.900 1.370 6.002 6.606 8.631 7.953 4.247 4.903 6.103 4.581 2.928 2.862 8.124 6.848 3.958 0.606 3.281 2.569 6.952 5.318 5.231 2.546 3.400 6.974 5.169 6.101 5.827 8.467 6.608 3.834 7.230 2.826 3.346 5.552 2.121 0.958 -9999.900 8.691 4.776 -9999.900 3.153
9.386 -9999.900 5.519 8.473 9.052 6.623 -9999.900 2.902 -9999.900 -9999.900 5.818 8.666 5.841 6.447 0.713 4.331 6.479 1.578 -9999.900 5.477 3.176 -9999.900 8.718 3.258 6.393 0.905 -9999.900 8.525 3.073 2.914 5.301 5.146 2.778 9.316 3.970 9.425 2.649 2.293 6.775 3.467 5.804 7.529 6.638 7.389 6.842 3.723 0.748 7.939 5.781 8.708
4.277 4.713 8.828 5.737 8.708 5.777 -9999.900 3.990 6.837 5.302 8.073 0.698 2.470 3.377 1.206 8.392 2.874 3.162 -9999.900 5.316 6.475 7.532 2.247 6.698 4.851 3.932 -9999.900 5.923 7.957 5.007 8.353 7.932 2.302 2.119 3.660 7.589 -9999.900 7.592 8.580 7.168 4.188 6.947 8.689 2.781 9.239 5.637 4.720 7.549 -9999.900 6.765
1.481 5.222 3.940 4.772 4.576 3.778 -9999.900 5.788 1.728 4.498 -9999.900 8.595 1.396 5.025 -9999.900 7.915 3.214 9.257 0.708 6.785 4.942 6.921 2.045 2.524 6.975 2.588 5.354 1.127 8.369 8.726 3.667 -9999.900 8.140 8.225 5.683 1.360 8.323 3.913 3.643 8.477 2.520 -9999.900 3.151 5.029 5.574 8.850 2.935 5.167 5.939 1.653
4.329 9.171 8.634 2.654 9.101 6.167 1.208 4.269 1.918 -9999.900 3.118 -9999.900 7.316 0.698 6.112 5.763 -9999.900 1.800 8.051 9.309 5.169 -9999.900 6.185 3.446 1.202 -9999.900 4.915 2.294 8.669 2.494 2.290 7.947 4.551 6.084 -9999.900 7.372 2.014 9.075 -9999.900 3.403 5.913 8.883 -9999.900 4.424 2.727 8.097 0.652 8.660 8.742 7.965
6.188 5.244 8.993 1.115 3.288 3.316 -9999.900 7.956 7.165 3.709 8.338 7.619 3.593 5.402 8.177 4.104 2.872 4.510 2.587 7.143 2.725 -9999.900 2.119 5.183 8.962 3.601 2.277 3.093 2.781 5.011 8.698 4.297 0.972 7.073 0.605 2.924 7.631 5.065 2.917 7.345 1.995 1.881 5.789 -9999.900 8.405 -9999.900 8.664 3.811 4.390 -9999.900
-9999.900 1.568 7.341 1.184 6.510 3.184 4.440 3.398 2.190 1.921 3.974 6.584 8.580 -9999.900 4.645 8.629 1.308 4.579 7.099 0.995 5.516 7.761 0.750 6.305 8.422 1.017 2.725 1.509 8.738 7.923 7.349 1.469 6.905 8.207 5.925 2.223 6.880 1.129 1.086 3.986 9.472 7.205 9.397 2.946 7.991 3.074 1.471 5.320 1.352 3.279
-9999.900 5.567 4.431 5.219 1.173 2.973 3.550 5.956 3.700 6.637 7.284 1.936 -9999.900 3.375 2.168 -9999.900 7.657 4.661 3.376 8.122 2.120 6.256 8.605 5.675 0.807 6.319 1.067 -9999.900 3.190 2.700 1.856 7.182 7.942 3.404 5.795 6.914 0.675 2.411 8.514 7.354 3.762 7.982 2.229 8.583 2.898 9.335 7.904 6.858 0.782 4.842
-9999.900 1.994 3.410 4.971 1.396 2.089 -9999.900 1.194 1.423 3.503 3.306 5.466 7.047 4.654 8.846 5.821 3.439 6.807 -9999.900 2.114 4.554 5.413 9.218 1.056 -9999.900 3.082 8.473 4.408 -9999.900 9.118 0.964 5.852 2.634 2.813 7.473 6.443 8.852 4.635 1.787 6.529 4.443 8.597 3.794 8.326 5.927 2.061 3.386 4.966 5.352 3.412
6.485 6.385 5.906 -9999.900 4.701 2.563 -9999.900 -9999.900 6.777 7.202 1.153 8.284 5.786 9.227 -9999.900 5.627 1.364 6.850 1.132 8.654 5.567 4.596 3.087 1.383 6.460 5.288 8.840 5.339 3.712 5.056 -9999.900 6.680 9.135 3.457 4.466 5.013 5.695 -9999.900 6.325 6.884 1.914 0.967 3.444 2.877 4.582 8.580 3.135 6.740 2.485 1.949
7.924 7.199 6.978 3.201 4.464 9.195 4.695 3.004 6.195 0.908 4.878 1.141 0.902 8.906 3.263 3.474 4.017 -9999.900 -9999.900 7.147 -9999.900 6.676 1.459 1.935 2.897 8.187 5.735 -9999.900 5.448 1.648 1.555 2.042 8.758 0.895 2.636 -9999.900 1.769 3.813 0.918 1.645 8.941 7.588 4.657 4.104 9.485 2.537 7.343 8.812 4.027 -9999.900
1.262 -9999.900 6.163 3.148 7.489 9.187 3.139 4.876 8.440 1.202 5.292 5.615 5.741 3.768 5.862 3.425 3.300 7.403 5.334 1.526 1.136 5.513 2.969 4.475 2.283 3.030 1.435 1.489 3.515 3.287 7.132 2.901 2.322 8.825 4.751 8.609 4.631 5.935 5.794 2.459 1.937 7.599 9.245 2.433 1.455 -9999.900 4.295 8.006 0.844 3.763
2.636 7.522 1.988 7.645 9.416 2.596 6.975 2.927 6.893 5.791 4.693 2.914 5.271 6.008 5.361 2.032 8.360 1.989 -9999.900 1.959 4.841 9.113 -9999.900 7.594 2.972 4.910 -9999.900 -9999.900 0.680 4.267 7.451 8.359 1.256 3.407 9.087 3.714 -9999.900 3.793 5.724 6.567 2.658 5.933 5.886 4.527 2.001 3.404 8.202 8.476 1.168 9.080
1.487 6.449 8.275 1.196 7.226 9.400 8.004 4.052 -9999.900 7.993 5.179 9.292 7.209 8.836 7.627 1.015 2.026 1.373 -9999.900 8.668 8.728 3.103 7.761 7.519 7.931 4.290 4.601 1.497 8.375 4.037 9.239 5.185 4.096 7.920 5.645 3.093 1.716 3.778 7.486 5.374 4.744 3.420 3.346 3.309 4.491 6.660 2.397 1.314 3.163 6.248
2.605 1.607 9.446 6.492 8.730 4.610 5.563 2.921 5.670 2.142 9.227 8.282 6.500 7.565 2.689 8.480 7.973 6.372 5.829 4.743 1.262 1.868 8.254 3.874 4.906 1.149 0.967 1.944 3.074 6.865 8.295 0.817 0.948 1.069 8.309 7.498 -9999.900 5.894 -9999.900 5.525 7.800 6.549 8.531 3.912 6.701 4.057 5.279 4.153 4.485 5.012
2.931 1.274 4.407 -9999.900 1.527 2.880 9.187 7.587 -9999.900 1.892 7.758 6.241 7.438 3.733 1.998 5.638 3.620 5.173 2.476 2.838 7.000 6.085 2.842 3.595 5.215 2.094 6.195 7.724 1.615 1.590 2.834 8.019 2.617 7.769 7.735 8.844 8.345 1.464 8.313 7.415 3.015 1.748 6.564 1.237 1.098 4.160 0.917 5.350 8.051 0.735
2.803 4.732 0.747 2.174 3.580 6.855 6.425 3.197 7.098 -9999.900 8.293 7.332 -9999.900 -9999.900 8.007 4.400 -9999.900 5.792 0.681 8.246 2.083 7.919 0.684 2.494 3.184 2.373 7.569 1.297 8.135 3.421 1.737 1.371 2.990 5.907 3.815 -9999.900 4.213 3.097 7.563 8.756 7.993 1.826 9.130 5.348 1.793 8.837 2.090 -9999.900 7.530 2.668
6.240 3.967 4.451 1.335 -9999.900 7.699 1.331 5.170 7.340 -9999.900 5.579 1.940 2.007 3.059 7.712 3.173 6.351 2.014 1.429 4.838 4.983 5.005 8.143 7.910 4.501 8.583 4.793 1.555 2.472 -9999.900 7.796 2.078 8.988 3.885 2.896 3.841 7.820 1.049 3.727 2.878 5.003 7.738 7.415 4.056 4.906 7.491 2.733 1.251 4.571 8.727
8.118 0.641 1.617 8.204 7.002 7.368 2.142 8.040 8.337 2.143 1.561 -9999.900 3.545 -9999.900 2.982 -9999.900 3.619 3.745 6.929 4.057 1.108 4.489 4.066 5.543 -9999.900 8.847 3.242 2.816 6.027 1.471 1.893 0.680 -9999.900 5.205 6.771 5.426 0.614 6.083 7.645 7.804 6.652 7.735 7.244 8.626 8.294 6.186 7.149 0.935 2.957 -9999.900
-9999.900 8.715 2.433 8.297 1.110 4.145 -9999.900 6.583 3.202 8.772 7.448 3.997 7.441 5.213 1.437 8.722 5.408 7.908 4.426 3.517 2.082 8.038 1.436 5.716 5.813 4.063 6.686 1.387 9.346 3.084 9.482 8.515 7.337 -9999.900 -9999.900 3.615 5.997 1.616 2.197 7.011 4.034 5.208 0.712 4.032 8.937 3.158 4.933 5.925 5.372 -9999.900
1.471 6.726 -9999.900 8.662 -9999.900 3.710 7.461 9.057 5.024 3.189 6.083 8.466 3.115 5.807 9.422 1.325 7.367 8.633 3.323 -9999.900 7.695 4.258 7.694 0.761 3.473 7.847 8.987 3.548 3.240 4.851 -9999.900 4.316 9.389 1.757 2.522 4.425 9.311 3.931 -9999.900 6.043 4.958 7.081 7.824 8.237 8.474 6.761 -9999.900 9.264 7.802 6.941
4.670 7.304 1.188 7.135 4.232 8.900 3.620 3.226 1.950 4.983 1.984 5.249 0.853 0.696 4.731 6.460 5.718 6.740 0.928 7.470 1.115 -9999.900 -9999.900 9.494 9.291 6.327 4.874 2.371 5.105 5.777 7.768 6.067 -9999.900 -9999.900 5.189 -9999.900 9.142 9.127 2.717 2.860 -9999.900 -9999.900 4.802 7.848 1.506 1.673 8.138 7.307 8.962 8.786
-9999.900 1.449 5.767 3.704 5.786 7.543 4.045 2.134 1.305 6.412 1.282 7.058 8.008 5.626 4.063 4.097 6.893 6.808 4.452 9.111 6.191 6.502 6.499 3.938 8.728 3.718 4.441 6.043 -9999.900 5.052 1.191 2.417 5.314 8.655 -9999.900 2.839 -9999.900 3.949 1.193 -9999.900 -9999.900 6.658 3.278 7.935 2.349 -9999.900 0.702 1.837 -9999.900 2.711
0.638 5.420 -9999.900 -9999.900 7.550 6.523 3.310 7.895 7.501 5.281 7.610 3.874 6.316 2.505 2.060 2.409 4.587 4.266 5.113 1.175 5.564 1.227 1.755 -9999.900 2.178 3.195 8.092 3.473 4.837 4.591 5.201 4.457 2.375 3.075 3.387 5.891 -9999.900 8.268 5.177 6.871 1.566 9.231 4.083 4.354 6.897 2.717 4.244 4.118 3.504 -9999.900
-9999.900 1.817 8.177 7.354 7.480 -9999.900 7.384 5.675 4.367 -9999.900 -9999.900 -9999.900 8.651 6.748 2.461 6.698 6.507 4.386 0.982 5.087 6.980 3.248 3.300 2.483 4.507 3.817 9.040 -9999.900 4.159 5.826 6.638 4.952 -9999.900 1.125 6.326 7.302 8.575 3.675 5.285 7.945 5.279 3.223 3.407 1.421 8.204 -9999.900 7.238 9.113 3.819 4.769
7.405 1.691 9.410 8.608 6.311 2.316 5.478 8.911 7.473 6.341 8.444 -9999.900 7.970 2.661 0.659 2.062 8.134 2.129 7.297 2.773 6.267 1.687 5.593 0.696 1.836 3.778 -9999.900 8.780 2.609 1.234 4.814 1.507 4.960 8.423 5.347 -9999.900 -9999.900 6.572 5.421 5.518 2.351 8.814 3.280 2.352 6.981 8.294 5.676 9.473 2.946 5.956
-9999.900 9.147 6.193 1.174 8.169 8.705 3.694 1.489 4.569 2.516 1.245 0.953 2.693 2.361 2.874 3.215 5.116 4.672 -9999.900 4.757 3.762 5.831 4.555 -9999.900 4.993 -9999.900 3.058 4.412 -9999.900 6.607 8.603 -9999.900 4.381 7.270 8.371 -9999.900 6.830 -9999.900 7.920 7.148 7.691 2.498 5.172 6.938 1.807 5.154 6.851 4.243 9.495 4.409
2.136 1.478 0.799 6.406 5.309 3.836 4.198 2.443 2.394 -9999.900 4.066 1.481 6.598 9.483 9.358 3.912 3.782 3.595 7.936 8.425 4.839 4.446 5.462 2.555 1.132 3.321 5.886 3.743 5.351 8.417 -9999.900 2.671 6.526 -9999.900 2.703 1.335 5.422 -9999.900 5.577 2.413 1.527 1.419 8.319 1.087 7.758 8.330 6.892 5.702 5.732 -9999.900
0.640 8.402 7.217 5.290 5.358 3.969 -9999.900 1.397 7.805 -9999.900 7.715 8.783 8.501 2.689 3.315 7.061 7.389 0.893 6.080 -9999.900 6.695 5.476 2.380 1.111 9.281 0.863 7.532 2.411 6.545 5.153 1.585 3.025 9.045 -9999.900 7.376 7.444 7.942 3.332 9.151 7.242 7.281 2.047 3.537 4.195 7.168 4.438 8.914 6.253 2.632 0.870
7.891 8.487 7.327 7.157 6.334 6.108 1.504 3.276 1.110 1.662 1.662 3.217 2.389 4.642 7.252 -9999.900 5.245 2.310 6.544 5.976 4.458 8.174 5.167 2.059 6.168 6.677 4.066 8.139 9.173 1.304 -9999.900 2.430 8.866 4.083 3.541 1.643 1.109 5.479 1.213 8.189 3.368 4.560 3.851 3.903 3.048 7.883 -9999.900 7.825 6.734 5.767
