data/dummy_raster.asc
ncols 	 50 
nrows 	 80 
xllcorner 	 0.0 
yllcorner 	 0.0 
cellsize 	 2.0 
NODATA_value 	 -9999.9 
[rows 0 to 49 of 80, columns 0 to 49 of 50]
9.142 6.637 4.308 1.937 6.111 4.809 1.645 0.600 1.777 5.686 5.014 9.169 -9999.900 8.163 9.435 1.038 6.420 6.838 -9999.900 1.015 3.295 2.221 3.768 4.302 6.145 3.252 -9999.900 7.370 1.595 1.300 2.986 3.065 -9999.900 1.716 8.411 6.129 -9999.900 1.745 7.195 4.580 5.741 8.822 6.446 5.919 0.706 1.793 3.032 1.037 7.465 3.016
5.823 6.595 2.184 9.266 6.951 6.355 7.910 4.757 5.591 3.998 7.508 1.700 6.991 5.568 0.842 -9999.900 3.970 4.197 5.416 4.318 4.370 1.675 2.304 -9999.900 -9999.900 -9999.900 5.078 2.936 5.535 3.744 -9999.900 4.268 6.458 0.656 8.147 6.066 4.246 8.707 8.898 5.910 7.980 1.595 4.618 9.088 6.311 8.677 3.840 7.361 5.247 8.845
2.099 9.435 1.136 7.194 2.247 1.074 4.374 9.371 5.533 1.248 3.331 6.638 3.559 6.527 0.677 4.664 2.871 6.938 7.307 5.967 9.434 0.754 1.376 6.700 2.055 -9999.900 4.107 6.800 -9999.900 2.399 2.661 3.046 3.707 3.181 4.375 1.796 8.858 5.231 3.790 4.641 8.842 0.875 6.581 1.598 2.514 4.006 7.075 3.983 6.424 0.816
3.013 3.190 6.230 -9999.900 2.444 -9999.900 -9999.900 6.067 4.232 5.844 4.481 2.673 2.561 7.527 6.742 8.912 4.657 8.113 -9999.900 1.977 2.629 1.633 8.575 5.111 -9999.900 4.596 7.147 4.799 -9999.900 4.260 8.565 0.859 6.034 8.765 -9999.900 9.200 -9999.900 5.265 2.291 6.638 8.643 1.059 6.844 0.842 2.667 0.674 1.797 4.252 9.236 2.713
3.032 5.373 6.101 7.925 9.470 -9999.900 3.118 1.097 3.028 6.675 8.997 4.136 2.717 -9999.900 7.662 7.863 1.508 2.308 5.576 5.318 1.828 4.550 1.823 2.266 9.133 4.107 3.777 6.008 2.631 2.867 -9999.900 8.167 5.125 3.636 6.010 7.910 7.914 -9999.900 8.164 2.957 8.179 4.377 5.018 7.553 0.626 5.407 8.736 8.599 2.408 5.727
6.841 2.510 2.206 8.573 7.734 3.828 3.907 5.911 2.977 5.360 6.593 8.914 1.083 7.816 1.510 5.061 2.768 5.317 5.341 4.872 6.548 2.006 7.716 7.310 4.387 -9999.900 3.163 9.416 5.549 5.153 1.282 1.301 8.300 5.504 3.574 3.427 5.004 0.782 6.737 8.333 8.030 6.409 4.734 7.486 0.975 2.330 0.610 7.727 8.835 3.972
2.961 0.829 -9999.900 3.955 5.509 7.453 2.151 7.991 -9999.900 5.752 4.665 6.339 5.009 -9999.900 5.634 2.167 3.349 6.488 4.444 8.592 8.754 7.701 6.634 8.554 7.895 6.295 6.308 1.127 2.641 8.845 2.159 0.853 -9999.900 -9999.900 8.527 3.070 0.667 7.991 -9999.900 1.133 6.546 8.492 3.312 2.487 4.209 3.152 5.841 6.765 1.018 -9999.900
2.500 1.562 2.540 0.773 8.705 9.096 8.216 4.550 3.124 4.916 4.412 -9999.900 3.754 8.787 4.259 8.203 7.471 2.974 3.238 4.630 1.150 -9999.900 0.764 9.391 2.541 5.251 0.726 7.185 2.780 6.501 -9999.900 1.426 5.193 5.669 8.686 9.387 1.895 2.079 -9999.900 3.651 -9999.900 2.489 -9999.900 -9999.900 4.024 3.146 2.780 5.983 7.072 8.952
3.875 3.114 3.888 -9999.900 7.281 0.617 5.143 3.005 6.786 8.301 3.112 4.027 8.037 1.987 7.406 1.477 5.076 8.902 7.502 8.265 3.792 -9999.900 -9999.900 5.496 1.102 0.758 8.051 8.712 -9999.900 -9999.900 4.726 8.560 7.260 2.059 2.996 2.381 3.755 5.338 9.365 3.864 -9999.900 8.274 4.879 8.928 5.489 2.534 1.633 2.772 2.402 3.368
-9999.900 1.579 7.819 5.082 1.488 1.072 1.290 8.437 7.892 9.421 2.486 8.629 4.649 3.246 1.030 8.594 1.908 7.235 7.413 -9999.900 2.612 4.635 8.098 7.461 6.256 4.102 8.549 8.767 2.646 -9999.900 6.286 7.048 5.797 4.231 -9999.900 -9999.900 5.043 3.526 5.895 2.104 3.617 4.000 -9999.900 6.761 6.703 2.825 2.930 0.847 3.563 -9999.900
5.755 2.208 1.548 4.667 4.036 3.949 2.968 -9999.900 2.608 4.106 0.668 8.821 5.148 8.949 9.265 4.615 4.959 2.834 4.004 3.022 3.243 2.010 8.068 8.133 7.106 7.618 -9999.900 4.817 5.993 5.236 5.251 -9999.900 -9999.900 3.123 5.336 7.797 1.686 1.738 2.035 5.277 8.953 6.692 -9999.900 8.345 2.604 2.944 1.318 2.759 9.308 8.869
5.047 8.032 4.850 8.954 3.328 4.146 7.983 1.197 3.646 7.754 6.393 3.758 7.400 5.088 3.346 8.870 2.417 2.935 1.662 9.036 2.727 2.458 2.057 1.119 9.123 -9999.900 8.528 3.577 1.668 2.296 6.598 3.585 6.122 5.442 7.532 2.210 0.698 8.213 6.355 5.378 1.664 -9999.900 3.883 6.033 1.668 7.887 4.220 6.969 5.377 8.224
6.401 3.026 4.931 3.376 6.048 -9999.900 -9999.900 6.079 3.778 9.370 7.839 2.524 8.008 3.329 7.614 8.552 8.050 3.392 7.187 3.838 1.745 3.238 8.885 5.677 2.139 8.565 3.381 3.196 6.681 7.489 5.156 4.174 -9999.900 6.791 8.787 4.810 2.691 6.941 5.298 4.668 4.901 -9999.900 5.212 8.792 6.511 9.258 5.914 7.547 4.744 8.000
-9999.900 7.115 1.484 8.905 -9999.900 9.422 5.661 6.609 4.649 5.655 8.829 -9999.900 5.106 5.122 4.402 3.439 -9999.900 1.270 1.973 3.145 7.866 7.995 9.394 7.936 3.300 -9999.900 7.511 5.303 9.099 5.366 2.912 4.368 -9999.900 -9999.900 3.665 5.185 -9999.900 4.453 3.882 1.233 4.104 7.694 0.655 8.930 8.202 4.580 1.443 8.657 8.337 3.563
6.798 0.725 1.428 4.669 5.859 3.924 3.871 7.489 4.813 1.609 3.825 3.392 3.452 2.512 7.457 -9999.900 -9999.900 1.472 3.552 6.217 9.319 1.760 4.089 0.725 9.289 6.805 6.892 5.459 3.517 9.334 4.577 4.645 6.103 9.219 3.946 9.026 3.071 8.733 8.146 7.862 3.281 4.380 7.763 3.258 7.831 9.351 9.374 8.507 3.043 2.761
3.630 6.548 -9999.900 3.298 5.590 5.136 4.721 5.277 2.096 3.647 2.748 4.534 4.661 7.768 9.317 0.742 1.070 0.815 5.338 7.874 4.356 3.676 1.135 5.331 1.709 -9999.900 2.573 7.603 -9999.900 7.266 5.765 7.134 8.296 1.280 5.767 9.423 0.733 9.277 1.620 6.175 9.367 -9999.900 1.496 6.618 6.089 4.341 -9999.900 8.188 5.204 9.479
0.738 5.920 7.779 8.450 7.385 3.463 -9999.900 1.213 5.720 7.248 2.695 3.391 1.577 6.578 4.733 6.502 6.683 8.189 6.437 7.738 1.971 8.189 6.643 1.726 -9999.900 3.994 9.165 3.011 7.757 7.171 8.028 4.824 3.110 8.307 3.875 7.034 -9999.900 2.420 9.370 -9999.900 3.811 2.002 6.259 3.208 6.002 9.420 1.087 6.390 6.754 6.644
4.739 8.156 9.456 5.450 9.499 5.473 3.828 1.390 2.702 -9999.900 7.634 5.951 9.349 7.520 3.794 2.244 8.667 2.686 2.244 8.672 0.616 6.038 7.684 3.897 3.586 -9999.900 3.021 6.737 2.383 4.205 2.001 0.783 6.875 7.637 1.316 9.442 -9999.900 4.737 7.031 8.365 3.176 6.842 -9999.900 6.357 1.665 5.719 8.106 7.477 5.780 6.700
4.756 3.192 -9999.900 7.045 0.851 9.181 2.311 2.688 7.124 3.788 7.485 1.964 -9999.900 5.249 1.919 7.658 8.698 2.064 1.216 2.902 0.868 3.029 -9999.900 3.054 8.647 7.264 4.025 6.185 4.747 1.177 9.086 7.689 5.791 7.313 5.013 4.770 8.967 8.711 7.925 3.730 1.271 6.995 7.729 7.368 2.369 4.554 8.720 5.967 -9999.900 9.014
-9999.900 7.263 4.951 -9999.900 3.812 3.851 5.141 6.391 3.774 5.011 0.799 8.947 4.052 7.776 6.414 7.065 6.033 4.292 3.846 3.829 3.176 7.248 5.521 7.169 2.313 2.885 5.906 4.317 5.244 8.648 1.197 3.535 8.851 0.654 8.370 4.119 7.099 3.393 3.139 6.433 2.655 -9999.900 5.086 6.377 6.481 -9999.900 1.801 7.269 1.412 4.474
-9999.900 5.590 7.962 7.065 4.925 -9999.900 8.130 4.929 3.669 5.599 6.162 6.289 6.275 7.808 5.505 6.054 2.177 8.646 2.076 8.878 7.293 1.783 6.851 5.100 5.060 6.741 5.403 3.696 -9999.900 8.001 1.695 9.177 3.477 8.742 2.317 7.990 0.727 5.945 8.406 3.903 8.677 9.389 2.994 7.796 5.644 5.792 2.856 3.267 5.901 4.515
8.446 6.354 1.814 9.216 -9999.900 1.768 7.710 -9999.900 1.167 8.635 4.882 8.961 7.751 -9999.900 8.996 5.366 7.436 8.256 5.033 3.638 -9999.900 5.580 1.724 5.688 2.235 3.201 6.901 7.467 2.553 7.645 7.393 8.076 5.936 2.752 9.442 -9999.900 6.045 6.401 7.910 2.205 9.180 1.709 5.226 9.209 5.542 8.640 3.223 4.525 6.186 9.083
1.778 5.022 7.396 2.494 4.506 5.127 3.448 -9999.900 4.485 7.947 6.936 3.671 6.376 1.535 -9999.900 7.335 3.887 8.939 5.412 4.933 4.509 4.855 1.370 6.596 6.885 0.935 1.298 6.502 5.398 5.961 4.159 4.769 7.415 8.721 4.833 4.094 8.041 8.931 8.227 2.113 0.674 7.815 -9999.900 2.732 6.348 3.126 2.036 -9999.900 8.193 1.859
8.222 -9999.900 2.545 4.075 2.773 8.380 9.464 6.984 5.487 8.833 5.235 9.110 4.705 6.284 1.407 1.844 -9999.900 4.922 3.943 4.515 5.780 0.961 8.925 -9999.900 1.136 3.052 -9999.900 -9999.900 4.321 4.870 4.131 7.106 2.790 3.183 7.614 7.070 9.030 -9999.900 7.818 4.870 1.534 9.348 4.290 0.960 8.717 3.355 5.144 3.725 8.996 2.598
3.215 2.899 3.559 5.092 1.170 1.922 -9999.900 2.204 6.575 8.718 -9999.900 7.575 4.186 5.288 4.144 8.361 5.737 -9999.900 3.149 7.104 8.964 7.974 8.470 7.864 7.971 7.928 2.992 4.492 -9999.900 -9999.900 0.666 3.241 6.901 1.029 9.451 2.651 5.327 9.154 4.306 1.389 7.558 -9999.900 8.427 2.875 4.617 5.045 2.266 -9999.900 -9999.900 1.733
4.699 2.099 3.070 1.293 4.762 8.664 -9999.900 4.409 3.113 7.513 3.099 3.413 0.864 7.087 6.932 9.283 3.364 1.862 0.603 1.733 5.210 9.046 1.925 2.203 4.910 9.424 7.770 6.846 3.941 7.500 1.505 2.683 5.282 4.910 2.800 4.198 8.334 6.683 2.526 8.004 8.147 8.067 8.453 2.462 1.244 7.910 7.067 8.427 3.509 4.368
5.425 4.769 7.786 9.039 1.023 -9999.900 3.890 7.131 2.082 -9999.900 7.194 6.530 7.488 -9999.900 -9999.900 8.621 2.340 -9999.900 2.924 0.770 -9999.900 2.701 8.713 4.585 1.353 0.667 0.719 5.904 3.680 1.728 9.143 4.448 -9999.900 1.943 5.437 6.429 7.852 7.907 7.094 -9999.900 9.000 -9999.900 7.239 5.389 2.622 -9999.900 3.239 2.143 8.262 2.457
-9999.900 2.545 3.173 -9999.900 6.291 8.930 5.900 8.682 4.049 2.594 4.940 8.862 8.529 6.286 2.945 4.183 8.807 0.953 8.448 4.246 3.165 5.027 1.133 7.541 6.037 5.697 -9999.900 6.926 4.076 5.631 -9999.900 3.852 7.323 4.626 6.562 4.361 6.037 9.160 9.201 0.837 6.728 3.121 9.398 7.119 -9999.900 7.753 -9999.900 7.084 9.410 2.760
5.595 8.567 5.993 7.276 8.101 8.716 4.593 5.839 2.849 5.485 5.827 2.538 3.122 7.952 8.114 8.421 -9999.900 6.144 8.874 7.319 4.279 1.284 2.340 3.955 3.847 8.951 9.433 2.762 6.416 -9999.900 -9999.900 5.107 9.137 1.793 6.165 4.256 8.844 3.397 1.770 4.787 7.188 8.902 7.265 5.617 4.858 4.690 -9999.900 2.377 8.521 2.644
1.360 4.139 2.227 -9999.900 2.975 7.113 4.967 6.784 1.911 6.665 4.789 4.512 8.136 5.720 6.372 5.373 6.427 7.439 0.667 -9999.900 3.487 0.687 -9999.900 2.860 7.826 8.017 8.358 7.424 5.697 2.803 2.768 5.943 1.265 -9999.900 1.057 4.946 5.821 3.844 -9999.900 6.630 4.620 5.666 6.989 2.966 7.273 2.667 7.683 1.067 6.106 1.885
4.742 3.389 5.708 3.292 5.852 8.116 -9999.900 2.311 5.111 5.071 -9999.900 8.690 -9999.900 2.193 1.262 2.158 3.624 2.145 8.719 4.902 2.427 6.751 6.636 2.177 2.665 7.778 8.979 2.234 3.845 7.882 9.265 1.415 4.234 3.183 9.233 4.510 6.365 2.943 -9999.900 -9999.900 6.824 3.540 9.504 6.158 3.376 6.899 3.561 -9999.900 6.657 4.771
8.883 6.446 3.731 9.101 5.370 7.047 9.077 8.701 -9999.900 3.265 8.934 3.670 5.541 0.725 4.520 6.426 8.732 5.990 9.503 2.024 3.760 6.057 6.223 8.002 1.738 8.704 -9999.900 2.776 5.339 4.159 4.723 3.227 8.368 4.092 1.845 4.141 5.673 4.554 9.067 2.779 2.612 8.973 6.085 9.260 2.134 4.302 2.759 9.296 0.691 8.856
3.352 5.111 7.146 7.242 8.656 3.886 -9999.900 0.822 6.358 3.111 8.914 4.561 1.899 5.816 7.959 0.607 1.906 1.383 3.068 0.830 9.406 6.590 8.805 -9999.900 8.157 -9999.900 5.637 3.416 6.408 1.833 8.067 -9999.900 1.509 1.590 7.562 6.846 9.309 7.214 0.738 -9999.900 0.620 5.717 0.677 8.315 9.011 1.516 5.136 5.538 3.012 5.217
2.031 1.007 -9999.900 3.097 3.249 9.237 8.324 5.168 2.287 7.833 5.338 6.794 6.285 3.119 2.770 7.080 1.981 1.216 5.481 7.232 -9999.900 4.935 6.021 6.600 6.948 -9999.900 3.975 4.925 7.504 -9999.900 5.633 5.089 1.034 8.657 -9999.900 5.954 5.884 2.335 8.483 3.792 -9999.900 7.643 2.564 5.202 2.920 4.588 5.622 8.981 4.156 1.398
-9999.900 5.804 4.446 8.702 3.924 4.721 6.688 4.728 0.925 4.614 9.052 6.561 1.448 8.468 6.851 1.204 5.831 5.144 6.840 -9999.900 4.122 7.561 4.767 5.382 5.890 -9999.900 6.078 6.521 5.652 2.035 9.505 1.743 7.535 9.461 -9999.900 3.701 7.966 1.254 3.436 4.931 2.787 4.316 -9999.900 4.711 -9999.900 -9999.900 6.371 7.525 6.653 2.450
8.310 4.492 8.018 -9999.900 8.671 7.193 3.465 2.647 0.994 8.005 -9999.900 8.469 6.524 2.994 3.597 1.819 6.757 -9999.900 9.401 0.647 1.887 4.551 -9999.900 3.259 5.150 4.636 2.994 4.414 2.183 1.465 8.789 8.068 6.008 -9999.900 4.500 6.976 8.162 3.282 3.940 -9999.900 2.772 1.538 -9999.900 4.841 9.373 8.177 2.472 7.745 4.868 3.953
-9999.900 2.539 0.838 4.432 3.905 8.848 4.016 5.043 2.278 1.821 1.976 2.644 8.211 6.370 -9999.900 -9999.900 1.005 7.929 3.166 4.153 4.031 1.675 0.750 4.818 5.468 2.513 3.431 9.364 8.310 5.570 4.752 -9999.900 -9999.900 2.862 6.837 7.720 4.615 6.684 5.063 9.117 1.892 4.090 -9999.900 8.740 7.302 -9999.900 6.902 1.690 2.065 4.882
-9999.900 7.735 2.710 6.469 1.914 5.337 9.349 9.386 4.277 2.542 5.760 3.316 4.941 7.985 -9999.900 7.975 6.976 8.689 1.176 -9999.900 5.481 4.825 3.812 9.397 -9999.900 -9999.900 5.188 2.134 7.562 3.105 3.256 4.890 -9999.900 9.029 1.202 0.987 7.090 6.381 2.431 0.801 1.047 6.271 3.297 6.775 2.310 8.456 5.035 5.014 7.149 8.607
9.252 1.056 3.226 1.358 4.412 3.739 5.880 -9999.900 5.017 -9999.900 4.535 5.436 2.048 7.518 -9999.900 -9999.900 6.087 3.291 6.224 1.794 3.753 6.280 6.791 1.915 5.434 2.957 1.866 -9999.900 5.243 5.280 8.270 7.545 3.232 -9999.900 6.373 4.310 2.362 2.705 -9999.900 2.360 7.763 3.018 -9999.900 -9999.900 4.616 -9999.900 7.489 4.977 2.290 9.242
-9999.900 8.858 4.193 6.552 5.947 0.724 2.485 -9999.900 6.845 4.517 7.372 3.445 1.006 6.885 2.901 3.327 -9999.900 1.233 2.081 0.699 5.517 -9999.900 5.335 3.976 6.254 8.900 5.218 5.202 1.950 1.084 7.344 7.959 5.407 -9999.900 7.417 7.880 7.991 5.924 7.847 5.436 8.061 0.960 3.649 8.710 5.926 2.102 4.413 1.644 3.855 5.178
8.315 8.262 4.003 3.773 6.663 0.894 1.458 2.396 -9999.900 9.012 8.963 3.222 6.394 6.247 2.720 8.714 8.445 8.054 5.851 2.012 0.810 -9999.900 2.991 8.247 7.303 5.333 3.059 6.840 7.448 7.159 7.949 1.479 3.568 1.581 2.143 2.112 8.979 1.776 7.189 7.372 8.845 2.390 3.479 7.487 8.567 -9999.900 3.883 3.909 -9999.900 9.456
3.721 -9999.900 5.280 1.207 6.734 6.076 3.965 7.117 -9999.900 5.036 6.629 4.747 7.888 -9999.900 8.222 5.398 2.919 8.910 -9999.900 7.934 6.160 5.432 2.917 4.631 4.752 6.519 1.300 2.109 3.745 9.214 6.413 0.835 7.137 6.069 2.451 2.494 1.432 8.922 8.961 9.404 9.316 2.764 -9999.900 2.166 7.767 2.334 8.280 -9999.900 7.126 6.271
7.511 2.425 6.193 -9999.900 3.865 4.390 5.152 7.688 7.654 6.088 1.726 4.766 6.253 9.430 5.322 5.685 4.567 2.680 -9999.900 3.461 7.397 2.782 2.700 4.417 3.336 5.258 6.611 1.467 8.373 3.246 8.135 9.363 -9999.900 7.221 4.880 6.520 2.337 3.248 0.748 6.908 -9999.900 4.115 7.866 6.127 6.720 3.750 7.013 8.089 6.368 5.014
5.649 1.570 6.897 1.303 5.000 2.999 6.154 4.959 8.019 3.810 8.446 2.022 9.445 7.603 4.680 7.110 5.274 -9999.900 2.992 2.027 4.005 7.928 8.274 7.773 1.443 4.442 6.727 4.088 1.848 3.380 6.461 1.367 1.441 2.600 8.498 9.323 4.671 8.908 9.424 3.805 2.842 1.608 6.905 2.705 8.297 8.527 8.042 0.871 1.096 3.685
4.264 7.020 7.970 2.789 1.812 5.630 9.305 -9999.900 7.298 7.344 -9999.900 6.245 7.094 4.015 9.086 4.679 6.445 -9999.900 -9999.900 4.400 3.124 7.569 1.866 0.794 -9999.900 5.756 -9999.900 6.026 2.216 3.333 7.194 7.425 1.055 1.828 8.396 5.074 8.336 -9999.900 -9999.900 7.646 8.716 0.991 9.390 6.192 7.174 4.970 -9999.900 5.809 5.763 6.709
3.394 8.626 7.637 2.090 5.867 1.982 9.056 2.238 5.501 8.520 3.171 8.182 1.703 3.727 8.601 5.996 1.784 -9999.900 5.677 -9999.900 1.755 2.173 3.813 8.571 4.340 6.262 8.031 4.681 5.919 9.452 9.330 3.896 8.131 2.282 5.859 2.600 3.039 4.611 2.969 2.244 7.834 1.743 1.188 3.910 5.956 0.643 8.657 8.518 3.085 0.854
7.899 5.148 7.405 8.992 5.117 1.539 2.163 9.219 3.916 6.153 1.453 5.768 2.556 9.135 8.002 1.603 4.484 0.870 7.170 0.881 3.080 8.687 4.564 8.515 2.522 -9999.900 4.401 0.735 5.232 8.193 -9999.900 9.447 1.555 8.984 8.986 8.876 1.451 7.671 6.897 8.995 1.169 4.259 5.240 4.625 6.801 -9999.900 5.350 8.003 7.231 4.128
7.753 9.498 2.435 7.547 8.510 4.630 9.498 3.246 3.299 4.358 5.135 7.701 -9999.900 7.312 -9999.900 5.670 8.716 4.699 5.323 8.758 -9999.900 9.415 9.307 1.536 2.353 2.475 -9999.900 7.686 7.231 8.750 2.049 2.794 6.414 1.955 9.258 6.337 5.464 6.114 2.970 -9999.900 4.462 6.555 -9999.900 3.646 2.657 5.165 7.629 8.001 1.484 -9999.900
7.232 5.854 -9999.900 5.759 2.749 5.877 1.304 7.691 3.085 4.352 6.659 7.393 4.632 9.061 8.010 2.054 1.706 6.215 5.044 2.850 5.233 8.416 7.301 3.159 4.357 4.920 4.380 9.263 5.105 8.183 8.097 3.048 1.068 4.504 6.033 8.403 4.096 1.949 -9999.900 3.113 4.955 3.848 -9999.900 0.685 7.008 7.321 1.878 1.502 7.904 5.865
3.560 4.353 2.323 3.779 5.195 2.673 -9999.900 7.147 1.087 -9999.900 -9999.900 8.631 4.553 -9999.900 7.529 5.463 2.646 2.867 8.801 -9999.900 1.504 4.872 7.141 -9999.900 -9999.900 5.200 4.441 2.426 0.818 6.421 9.173 7.820 2.412 -9999.900 2.984 2.059 5.435 -9999.900 3.985 4.034 1.555 8.251 3.633 1.895 7.519 5.755 7.327 4.204 -9999.900 4.774
