data/dummy_raster_grad_feature.asc
ncols 	 50 
nrows 	 80 
xllcorner 	 0.0 
yllcorner 	 0.0 
cellsize 	 2.0 
NODATA_value 	 -9999.9 
[rows 0 to 37 of 80, columns 0 to 49 of 50]
0.100 10.000 19.900 29.800 39.700 49.600 59.500 69.400 79.300 89.200 99.100 109.000 118.900 128.800 138.700 148.600 158.500 168.400 178.300 188.200 198.100 208.000 217.900 227.800 237.700 -9999.900 257.500 267.400 277.300 287.200 297.100 307.000 316.900 326.800 336.700 346.600 356.500 366.400 376.300 386.200 396.100 406.000 415.900 425.800 435.700 445.600 455.500 465.400 475.300 485.200
10.000 19.900 29.800 39.700 49.600 59.500 69.400 79.300 89.200 99.100 109.000 118.900 128.800 138.700 148.600 158.500 168.400 178.300 188.200 198.100 208.000 217.900 227.800 237.700 -9999.900 -9999.900 -9999.900 277.300 287.200 297.100 307.000 316.900 326.800 336.700 346.600 356.500 366.400 376.300 386.200 396.100 406.000 415.900 425.800 435.700 445.600 455.500 465.400 475.300 485.200 495.100
19.900 29.800 39.700 49.600 59.500 69.400 79.300 89.200 99.100 109.000 118.900 128.800 138.700 148.600 158.500 168.400 178.300 188.200 198.100 208.000 217.900 227.800 237.700 -9999.900 257.500 -9999.900 277.300 -9999.900 297.100 307.000 316.900 326.800 336.700 346.600 356.500 366.400 376.300 386.200 396.100 406.000 415.900 425.800 435.700 445.600 455.500 465.400 475.300 485.200 495.100 505.000
29.800 39.700 49.600 59.500 69.400 79.300 89.200 99.100 109.000 118.900 128.800 138.700 148.600 158.500 168.400 178.300 188.200 198.100 208.000 217.900 227.800 237.700 -9999.900 257.500 267.400 -9999.900 287.200 297.100 -9999.900 316.900 326.800 336.700 346.600 356.500 366.400 376.300 386.200 396.100 406.000 415.900 425.800 435.700 445.600 455.500 465.400 475.300 485.200 495.100 505.000 514.900
39.700 49.600 59.500 69.400 79.300 89.200 99.100 109.000 118.900 128.800 138.700 148.600 158.500 168.400 178.300 188.200 198.100 208.000 217.900 227.800 237.700 247.600 257.500 267.400 277.300 -9999.900 297.100 307.000 316.900 326.800 336.700 346.600 356.500 366.400 376.300 386.200 396.100 406.000 415.900 425.800 435.700 445.600 455.500 465.400 475.300 485.200 495.100 505.000 514.900 524.800
49.600 59.500 69.400 79.300 89.200 99.100 109.000 118.900 128.800 138.700 148.600 158.500 168.400 178.300 188.200 198.100 208.000 217.900 227.800 237.700 247.600 257.500 267.400 277.300 287.200 -9999.900 307.000 316.900 326.800 336.700 346.600 356.500 366.400 376.300 386.200 396.100 406.000 415.900 425.800 435.700 445.600 455.500 465.400 475.300 485.200 495.100 505.000 514.900 524.800 534.700
59.500 69.400 79.300 89.200 99.100 109.000 118.900 128.800 138.700 148.600 158.500 168.400 178.300 188.200 198.100 208.000 217.900 227.800 237.700 247.600 257.500 267.400 277.300 287.200 297.100 -9999.900 316.900 326.800 336.700 346.600 356.500 366.400 376.300 386.200 396.100 406.000 415.900 425.800 435.700 445.600 455.500 465.400 475.300 485.200 495.100 505.000 514.900 524.800 534.700 544.600
69.400 79.300 89.200 99.100 109.000 118.900 128.800 138.700 148.600 158.500 168.400 178.300 188.200 198.100 208.000 217.900 227.800 237.700 247.600 257.500 267.400 277.300 287.200 297.100 307.000 -9999.900 326.800 336.700 346.600 356.500 366.400 376.300 386.200 396.100 406.000 415.900 425.800 435.700 445.600 455.500 465.400 475.300 485.200 495.100 505.000 514.900 524.800 534.700 544.600 554.500
79.300 89.200 99.100 109.000 118.900 128.800 138.700 148.600 158.500 168.400 178.300 188.200 198.100 208.000 217.900 227.800 237.700 247.600 257.500 267.400 277.300 287.200 297.100 307.000 316.900 -9999.900 336.700 346.600 356.500 366.400 376.300 386.200 396.100 406.000 415.900 425.800 435.700 445.600 455.500 465.400 475.300 485.200 495.100 505.000 514.900 524.800 534.700 544.600 554.500 564.400
89.200 99.100 109.000 118.900 128.800 138.700 148.600 158.500 168.400 178.300 188.200 198.100 208.000 217.900 227.800 237.700 247.600 257.500 267.400 277.300 287.200 297.100 307.000 316.900 326.800 -9999.900 346.600 356.500 366.400 376.300 386.200 396.100 406.000 415.900 425.800 435.700 445.600 455.500 465.400 475.300 485.200 495.100 505.000 514.900 524.800 534.700 544.600 554.500 564.400 574.300
99.100 109.000 118.900 128.800 138.700 148.600 158.500 168.400 178.300 188.200 198.100 208.000 217.900 227.800 237.700 247.600 257.500 267.400 277.300 287.200 297.100 307.000 316.900 326.800 336.700 -9999.900 356.500 366.400 376.300 386.200 396.100 406.000 415.900 425.800 435.700 445.600 455.500 465.400 475.300 485.200 495.100 505.000 514.900 524.800 534.700 544.600 554.500 564.400 574.300 584.200
109.000 118.900 128.800 138.700 148.600 158.500 168.400 178.300 188.200 198.100 208.000 217.900 227.800 237.700 247.600 257.500 267.400 277.300 287.200 297.100 307.000 316.900 326.800 336.700 346.600 -9999.900 366.400 376.300 386.200 396.100 406.000 415.900 425.800 435.700 445.600 455.500 465.400 475.300 485.200 495.100 505.000 514.900 524.800 534.700 544.600 554.500 564.400 574.300 584.200 594.100
118.900 128.800 138.700 148.600 158.500 168.400 178.300 188.200 198.100 208.000 217.900 227.800 237.700 247.600 257.500 267.400 277.300 287.200 297.100 307.000 316.900 326.800 336.700 346.600 356.500 -9999.900 376.300 386.200 396.100 406.000 415.900 425.800 435.700 445.600 455.500 465.400 475.300 485.200 495.100 505.000 514.900 524.800 534.700 544.600 554.500 564.400 574.300 584.200 594.100 604.000
128.800 138.700 148.600 158.500 168.400 178.300 188.200 198.100 208.000 217.900 227.800 237.700 247.600 257.500 267.400 277.300 287.200 297.100 307.000 316.900 326.800 336.700 346.600 356.500 366.400 -9999.900 386.200 396.100 406.000 415.900 425.800 435.700 445.600 455.500 465.400 475.300 485.200 495.100 505.000 514.900 524.800 534.700 544.600 554.500 564.400 574.300 584.200 594.100 604.000 613.900
138.700 148.600 158.500 168.400 178.300 188.200 198.100 208.000 217.900 227.800 237.700 247.600 257.500 267.400 277.300 287.200 297.100 307.000 316.900 326.800 336.700 346.600 356.500 366.400 376.300 -9999.900 396.100 406.000 415.900 425.800 435.700 445.600 455.500 465.400 475.300 485.200 495.100 505.000 514.900 524.800 534.700 544.600 554.500 564.400 574.300 584.200 594.100 604.000 613.900 623.800
148.600 158.500 168.400 178.300 188.200 198.100 208.000 217.900 227.800 237.700 247.600 257.500 267.400 277.300 287.200 297.100 307.000 316.900 326.800 336.700 346.600 356.500 366.400 376.300 386.200 -9999.900 406.000 415.900 425.800 435.700 445.600 455.500 465.400 475.300 485.200 495.100 505.000 514.900 524.800 534.700 544.600 554.500 564.400 574.300 584.200 594.100 604.000 613.900 623.800 633.700
158.500 168.400 178.300 188.200 198.100 208.000 217.900 227.800 237.700 247.600 257.500 267.400 277.300 287.200 297.100 307.000 316.900 326.800 336.700 346.600 356.500 366.400 376.300 386.200 396.100 -9999.900 415.900 425.800 435.700 445.600 455.500 465.400 475.300 485.200 495.100 505.000 514.900 524.800 534.700 544.600 554.500 564.400 574.300 584.200 594.100 604.000 613.900 623.800 633.700 643.600
168.400 178.300 188.200 198.100 208.000 217.900 227.800 237.700 247.600 257.500 267.400 277.300 287.200 297.100 307.000 316.900 326.800 336.700 346.600 356.500 366.400 376.300 386.200 396.100 406.000 -9999.900 425.800 435.700 445.600 455.500 465.400 475.300 485.200 495.100 505.000 514.900 524.800 534.700 544.600 554.500 564.400 574.300 584.200 594.100 604.000 613.900 623.800 633.700 643.600 653.500
178.300 188.200 198.100 208.000 217.900 227.800 237.700 247.600 257.500 267.400 277.300 287.200 297.100 307.000 316.900 326.800 336.700 346.600 356.500 366.400 376.300 386.200 396.100 406.000 415.900 -9999.900 435.700 445.600 455.500 465.400 475.300 485.200 495.100 505.000 514.900 524.800 534.700 544.600 554.500 564.400 574.300 584.200 594.100 604.000 613.900 623.800 633.700 643.600 653.500 663.400
188.200 198.100 208.000 217.900 227.800 237.700 247.600 257.500 267.400 277.300 287.200 297.100 307.000 316.900 326.800 336.700 346.600 356.500 366.400 376.300 386.200 396.100 406.000 415.900 425.800 -9999.900 445.600 455.500 465.400 475.300 485.200 495.100 505.000 514.900 524.800 534.700 544.600 554.500 564.400 574.300 584.200 594.100 604.000 613.900 623.800 633.700 643.600 653.500 663.400 673.300
198.100 208.000 217.900 227.800 237.700 247.600 257.500 267.400 277.300 287.200 297.100 307.000 316.900 326.800 336.700 346.600 356.500 366.400 376.300 386.200 396.100 406.000 415.900 425.800 435.700 -9999.900 455.500 465.400 475.300 485.200 495.100 505.000 514.900 524.800 534.700 544.600 554.500 564.400 574.300 584.200 594.100 604.000 613.900 623.800 633.700 643.600 653.500 663.400 673.300 683.200
208.000 217.900 227.800 237.700 247.600 257.500 267.400 277.300 287.200 297.100 307.000 316.900 326.800 336.700 346.600 356.500 366.400 376.300 386.200 396.100 406.000 415.900 425.800 435.700 445.600 -9999.900 465.400 475.300 485.200 495.100 505.000 514.900 524.800 534.700 544.600 554.500 564.400 574.300 584.200 594.100 604.000 613.900 623.800 633.700 643.600 653.500 663.400 673.300 683.200 693.100
217.900 227.800 237.700 247.600 257.500 267.400 277.300 287.200 297.100 307.000 316.900 326.800 336.700 346.600 356.500 366.400 376.300 386.200 396.100 406.000 415.900 425.800 435.700 445.600 455.500 -9999.900 475.300 485.200 495.100 505.000 514.900 524.800 534.700 544.600 554.500 564.400 574.300 584.200 594.100 604.000 613.900 623.800 633.700 643.600 653.500 663.400 673.300 683.200 693.100 703.000
227.800 237.700 247.600 257.500 267.400 277.300 287.200 297.100 307.000 316.900 326.800 336.700 346.600 356.500 366.400 376.300 386.200 396.100 406.000 415.900 425.800 435.700 445.600 455.500 465.400 -9999.900 485.200 495.100 505.000 514.900 524.800 534.700 544.600 554.500 564.400 574.300 584.200 594.100 604.000 613.900 623.800 633.700 643.600 653.500 663.400 673.300 683.200 693.100 703.000 712.900
237.700 247.600 257.500 267.400 277.300 287.200 297.100 307.000 316.900 326.800 336.700 346.600 356.500 366.400 376.300 386.200 396.100 406.000 415.900 425.800 435.700 445.600 455.500 465.400 475.300 -9999.900 495.100 505.000 514.900 524.800 534.700 544.600 554.500 564.400 574.300 584.200 594.100 604.000 613.900 623.800 633.700 643.600 653.500 663.400 673.300 683.200 693.100 703.000 712.900 722.800
247.600 257.500 267.400 277.300 287.200 297.100 307.000 316.900 326.800 336.700 346.600 356.500 366.400 376.300 386.200 396.100 406.000 415.900 425.800 435.700 445.600 455.500 465.400 475.300 485.200 -9999.900 505.000 514.900 524.800 534.700 544.600 554.500 564.400 574.300 584.200 594.100 604.000 613.900 623.800 633.700 643.600 653.500 663.400 673.300 683.200 693.100 703.000 712.900 722.800 732.700
257.500 267.400 277.300 287.200 297.100 307.000 316.900 326.800 336.700 346.600 356.500 366.400 376.300 386.200 396.100 406.000 415.900 425.800 435.700 445.600 455.500 465.400 475.300 485.200 495.100 -9999.900 514.900 524.800 534.700 544.600 554.500 564.400 574.300 584.200 594.100 604.000 613.900 623.800 633.700 643.600 653.500 663.400 673.300 683.200 693.100 703.000 712.900 722.800 732.700 742.600
267.400 277.300 287.200 297.100 307.000 316.900 326.800 336.700 346.600 356.500 366.400 376.300 386.200 396.100 406.000 415.900 425.800 435.700 445.600 455.500 465.400 475.300 485.200 495.100 505.000 -9999.900 524.800 534.700 544.600 554.500 564.400 574.300 584.200 594.100 604.000 613.900 623.800 633.700 643.600 653.500 663.400 673.300 683.200 693.100 703.000 712.900 722.800 732.700 742.600 752.500
277.300 287.200 297.100 307.000 316.900 326.800 336.700 346.600 356.500 366.400 376.300 386.200 396.100 406.000 415.900 425.800 435.700 445.600 455.500 465.400 475.300 485.200 495.100 505.000 514.900 -9999.900 534.700 544.600 554.500 564.400 574.300 584.200 594.100 604.000 613.900 623.800 633.700 643.600 653.500 663.400 673.300 683.200 693.100 703.000 712.900 722.800 732.700 742.600 752.500 762.400
287.200 297.100 307.000 316.900 326.800 336.700 346.600 356.500 366.400 376.300 386.200 396.100 406.000 415.900 425.800 435.700 445.600 455.500 465.400 475.300 485.200 495.100 505.000 514.900 524.800 -9999.900 544.600 554.500 564.400 574.300 584.200 594.100 604.000 613.900 623.800 633.700 643.600 653.500 663.400 673.300 683.200 693.100 703.000 712.900 722.800 732.700 742.600 752.500 762.400 772.300
297.100 307.000 316.900 326.800 336.700 346.600 356.500 366.400 376.300 386.200 396.100 406.000 415.900 425.800 435.700 445.600 455.500 465.400 475.300 485.200 495.100 505.000 514.900 524.800 534.700 -9999.900 554.500 564.400 574.300 584.200 594.100 604.000 613.900 623.800 633.700 643.600 653.500 663.400 673.300 683.200 693.100 703.000 712.900 722.800 732.700 742.600 752.500 762.400 772.300 782.200
307.000 316.900 326.800 336.700 346.600 356.500 366.400 376.300 386.200 396.100 406.000 415.900 425.800 435.700 445.600 455.500 465.400 475.300 485.200 495.100 505.000 514.900 524.800 534.700 544.600 -9999.900 564.400 574.300 584.200 594.100 604.000 613.900 623.800 633.700 643.600 653.500 663.400 673.300 683.200 693.100 703.000 712.900 722.800 732.700 742.600 752.500 762.400 772.300 782.200 792.100
316.900 326.800 336.700 346.600 356.500 366.400 376.300 386.200 396.100 406.000 415.900 425.800 435.700 445.600 455.500 465.400 475.300 485.200 495.100 505.000 514.900 524.800 534.700 544.600 554.500 -9999.900 574.300 584.200 594.100 604.000 613.900 623.800 633.700 643.600 653.500 663.400 673.300 683.200 693.100 703.000 712.900 722.800 732.700 742.600 752.500 762.400 772.300 782.200 792.100 802.000
326.800 336.700 346.600 356.500 366.400 376.300 386.200 396.100 406.000 415.900 425.800 435.700 445.600 455.500 465.400 475.300 485.200 495.100 505.000 514.900 524.800 534.700 544.600 554.500 564.400 -9999.900 584.200 594.100 604.000 613.900 623.800 633.700 643.600 653.500 663.400 673.300 683.200 693.100 703.000 712.900 722.800 732.700 742.600 752.500 762.400 772.300 782.200 792.100 802.000 811.900
336.700 346.600 356.500 366.400 376.300 386.200 396.100 406.000 415.900 425.800 435.700 445.600 455.500 465.400 475.300 485.200 495.100 505.000 514.900 524.800 534.700 544.600 554.500 564.400 574.300 -9999.900 594.100 604.000 613.900 623.800 633.700 643.600 653.500 663.400 673.300 683.200 693.100 703.000 712.900 722.800 732.700 742.600 752.500 762.400 772.300 782.200 792.100 802.000 811.900 821.800
346.600 356.500 366.400 376.300 386.200 396.100 406.000 415.900 425.800 435.700 445.600 455.500 465.400 475.300 485.200 495.100 505.000 514.900 524.800 534.700 544.600 554.500 564.400 574.300 584.200 -9999.900 604.000 613.900 623.800 633.700 643.600 653.500 663.400 673.300 683.200 693.100 703.000 712.900 722.800 732.700 742.600 752.500 762.400 772.300 782.200 792.100 802.000 811.900 821.800 831.700
356.500 366.400 376.300 386.200 396.100 406.000 415.900 425.800 435.700 445.600 455.500 465.400 475.300 485.200 495.100 505.000 514.900 524.800 534.700 544.600 554.500 564.400 574.300 584.200 594.100 -9999.900 613.900 623.800 633.700 643.600 653.500 663.400 673.300 683.200 693.100 703.000 712.900 722.800 732.700 742.600 752.500 762.400 772.300 782.200 792.100 802.000 811.900 821.800 831.700 841.600
366.400 376.300 386.200 396.100 406.000 415.900 425.800 435.700 445.600 455.500 465.400 475.300 485.200 495.100 505.000 514.900 524.800 534.700 544.600 554.500 564.400 574.300 584.200 594.100 604.000 -9999.900 623.800 633.700 643.600 653.500 663.400 673.300 683.200 693.100 703.000 712.900 722.800 732.700 742.600 752.500 762.400 772.300 782.200 792.100 802.000 811.900 821.800 831.700 841.600 851.500
