data/dummy_raster_feature.asc
ncols 	 50 
nrows 	 80 
xllcorner 	 0.0 
yllcorner 	 0.0 
cellsize 	 2.0 
NODATA_value 	 -9999.9 
[rows 0 to 51 of 80, columns 0 to 49 of 50]
6.740 9.060 7.013 7.531 8.541 0.121 4.103 0.317 8.816 2.874 4.379 4.187 2.785 5.999 9.511 9.353 1.176 7.381 0.131 7.534 3.690 3.033 6.548 1.721 5.287 -9999.900 8.270 9.578 5.987 9.537 1.884 0.243 2.324 8.459 6.109 3.924 7.512 7.918 9.190 1.604 6.257 1.095 5.973 3.537 1.584 9.803 0.600 8.479 1.079 6.869
2.521 7.557 7.856 4.666 2.444 1.828 1.666 7.558 2.375 3.551 9.184 7.872 8.336 7.338 8.309 5.744 3.781 1.173 5.978 2.992 6.005 8.570 7.645 7.294 -9999.900 -9999.900 -9999.900 5.916 4.833 1.361 2.410 5.034 3.846 4.931 6.569 4.316 4.879 7.030 1.258 8.077 4.425 8.993 3.215 2.012 4.529 1.249 7.136 6.296 1.880 2.812
1.421 7.291 0.831 0.637 5.471 8.791 5.198 4.055 8.019 3.718 8.107 5.524 6.976 8.192 2.185 6.074 8.191 3.573 7.912 5.979 1.627 3.518 2.746 -9999.900 3.530 -9999.900 0.459 -9999.900 0.185 5.980 6.399 4.611 8.862 8.912 0.867 9.291 6.284 9.949 4.965 6.414 8.272 7.017 5.958 7.886 1.676 2.225 2.993 7.596 6.083 1.534
0.529 7.542 2.972 8.090 1.938 0.656 1.691 4.910 8.720 5.453 2.198 8.686 3.021 1.004 4.961 6.607 9.561 9.592 4.623 9.855 1.181 7.964 -9999.900 9.754 4.161 -9999.900 3.400 6.509 -9999.900 3.402 2.885 9.250 3.148 9.962 1.989 2.398 0.741 7.934 9.171 1.442 0.628 5.601 9.909 9.252 0.871 3.582 3.213 1.347 7.327 4.857
6.632 2.563 2.989 4.143 8.756 1.375 2.359 8.836 1.637 2.324 7.136 2.582 2.839 8.661 1.378 1.538 2.553 0.313 9.030 9.385 2.150 0.144 7.111 2.456 6.930 -9999.900 5.183 7.663 1.123 8.842 1.491 6.919 8.101 3.954 8.813 3.115 6.289 3.916 1.270 5.888 7.528 6.396 4.018 6.585 1.995 3.844 6.408 0.700 0.424 6.837
5.319 3.750 1.625 2.696 7.548 1.185 8.045 3.550 1.497 8.624 8.004 7.823 7.292 5.279 3.713 0.306 0.409 9.987 7.257 7.729 1.475 5.285 9.995 8.798 2.145 -9999.900 0.453 1.335 6.006 0.348 8.834 6.219 0.466 2.838 8.984 7.855 3.125 4.138 1.802 0.136 0.406 3.129 5.895 2.252 6.574 9.926 3.970 2.192 3.939 2.933
1.587 6.498 4.948 1.542 0.999 8.752 8.351 7.235 0.770 0.468 9.364 0.287 3.946 2.117 1.100 9.297 3.201 8.401 0.175 8.554 0.771 6.840 7.485 7.053 1.838 -9999.900 8.283 9.644 1.910 8.613 0.966 9.287 6.477 5.384 1.411 2.811 9.512 9.839 4.817 1.228 3.866 1.587 9.383 2.262 2.997 3.548 2.157 1.846 8.689 5.023
4.697 6.471 7.969 3.239 9.198 4.369 4.823 3.026 6.139 5.622 9.677 6.220 2.893 8.276 5.070 6.435 8.106 1.969 8.803 3.113 5.020 9.900 0.661 7.673 9.781 -9999.900 7.894 5.234 7.165 0.278 4.261 6.795 7.266 4.944 3.580 5.555 7.125 6.425 3.007 4.500 6.629 0.896 5.116 2.484 3.658 9.259 5.336 0.669 6.781 7.631
5.425 1.912 7.425 1.704 1.326 1.238 8.427 4.170 1.893 2.249 4.683 0.877 7.831 6.739 3.371 0.132 9.145 1.372 5.225 9.821 8.875 0.717 4.844 3.888 5.046 -9999.900 4.555 8.943 0.718 1.688 2.385 4.735 3.242 0.585 1.261 6.394 3.460 6.654 7.510 2.524 6.796 2.881 2.099 0.263 5.454 1.838 2.869 7.783 7.369 3.319
9.583 7.047 8.669 0.372 1.543 0.404 2.347 8.969 9.486 2.348 2.483 7.481 6.925 2.239 4.919 8.812 5.961 9.111 2.148 7.920 3.375 8.824 4.361 5.497 6.909 -9999.900 2.643 1.978 3.521 0.467 1.536 8.146 7.170 0.712 3.007 0.221 3.848 4.563 1.305 2.355 4.001 5.970 3.909 3.038 7.955 8.163 4.451 6.664 1.578 1.055
7.865 4.429 8.391 8.055 4.774 7.617 7.140 2.464 2.284 6.292 2.281 0.217 7.976 3.044 4.676 8.628 2.419 7.373 1.653 7.331 9.802 6.145 2.245 4.750 4.728 -9999.900 1.509 7.004 2.459 9.002 7.991 3.569 5.665 2.441 4.811 2.762 5.692 3.982 2.751 0.336 7.004 3.266 5.233 6.792 8.409 4.788 3.112 8.184 7.119 9.573
9.448 9.325 7.383 2.208 2.765 3.567 8.951 2.158 1.891 0.856 6.917 2.507 4.561 6.136 2.163 8.716 5.490 5.000 3.105 6.543 5.683 6.771 0.164 9.573 9.365 -9999.900 3.349 7.382 5.672 1.264 2.491 3.467 6.633 5.016 9.011 5.333 2.665 5.839 1.027 5.477 9.051 0.737 0.437 6.022 7.608 1.571 7.403 7.838 6.711 5.565
3.360 8.843 9.621 3.086 5.644 7.037 5.685 9.017 2.711 4.220 9.959 7.945 3.271 8.831 2.464 7.228 7.828 6.039 3.055 3.054 8.996 0.447 0.902 9.047 5.126 -9999.900 3.223 1.440 3.672 0.475 1.795 5.117 6.892 6.021 7.107 8.194 8.488 4.955 0.304 4.625 6.995 3.738 7.204 5.243 3.182 8.811 8.120 2.370 9.017 9.604
9.585 4.200 2.713 6.050 9.401 7.488 9.856 9.683 1.527 6.449 9.007 9.585 1.783 4.984 3.550 6.411 3.735 9.212 1.103 3.352 0.219 9.795 8.560 9.035 4.520 -9999.900 6.309 6.616 0.557 0.881 1.821 0.919 5.355 2.992 5.666 8.464 5.728 2.084 7.344 3.056 9.166 0.866 9.283 1.279 1.544 1.400 5.405 3.398 2.640 2.067
1.185 2.975 9.046 4.210 6.303 2.991 8.882 0.325 7.008 8.722 7.073 5.253 0.680 2.152 7.246 4.248 4.080 7.719 7.720 0.643 1.904 1.270 8.005 6.898 2.027 -9999.900 1.348 0.325 8.406 3.677 1.969 9.278 3.759 1.277 3.737 2.839 6.684 2.766 0.470 2.201 3.096 8.418 9.997 3.175 6.383 0.166 0.566 1.545 2.877 9.783
8.906 8.035 6.271 5.673 7.304 9.523 9.849 7.880 3.445 7.835 3.187 8.393 8.714 8.663 2.192 5.964 4.983 8.775 3.525 6.715 9.296 2.360 7.181 3.059 0.212 -9999.900 5.655 2.132 7.835 5.357 4.935 0.768 4.454 7.676 3.410 0.916 0.861 4.111 5.769 7.370 7.109 3.594 5.937 9.060 5.960 7.282 6.672 7.460 6.328 7.714
8.779 6.645 7.698 2.304 9.135 8.541 0.458 9.860 5.351 4.959 4.186 8.917 9.714 7.894 3.267 0.490 4.962 6.403 6.383 6.054 1.512 8.614 2.732 1.404 4.829 -9999.900 4.715 4.126 4.792 0.977 4.330 0.331 6.920 0.833 0.439 0.520 4.341 0.623 0.681 5.081 5.782 1.421 1.802 7.013 5.718 0.879 7.416 0.820 9.557 8.750
6.503 2.529 9.539 2.146 3.285 9.527 0.133 3.279 4.934 6.971 1.900 8.085 9.351 8.663 6.496 8.724 0.157 2.938 9.610 1.445 7.716 4.392 2.160 3.007 4.149 -9999.900 4.629 5.625 8.424 7.001 1.407 3.343 8.475 5.967 9.336 1.476 6.856 6.657 9.490 5.979 1.503 7.252 3.612 4.903 1.542 3.823 7.863 0.587 9.652 5.042
1.719 4.712 6.323 2.514 5.618 4.439 4.019 0.531 6.596 7.051 9.873 3.397 8.892 4.567 0.127 1.197 1.239 3.163 8.682 0.420 0.315 6.904 8.989 3.441 9.640 -9999.900 6.574 2.350 0.811 7.547 2.750 6.814 8.739 5.504 1.010 7.353 2.490 8.483 9.753 6.139 2.178 8.633 2.111 6.138 8.854 1.399 9.086 0.552 7.819 6.058
4.252 0.155 1.448 3.363 8.875 3.227 1.718 2.702 3.580 2.700 2.412 9.985 4.574 4.567 4.335 3.001 7.321 1.762 4.332 9.615 1.664 4.293 2.775 2.170 9.727 -9999.900 0.109 3.335 5.725 5.343 8.843 8.186 9.849 9.185 9.904 9.626 5.803 2.213 3.556 9.366 4.952 7.408 9.995 9.868 5.644 5.926 8.912 0.328 3.486 1.846
4.115 8.453 0.290 0.870 3.956 9.114 7.013 7.775 9.513 5.567 3.012 3.679 0.496 6.115 4.142 1.247 1.127 5.446 1.631 4.353 6.000 2.900 7.826 0.778 9.208 -9999.900 4.468 9.844 6.877 3.644 3.275 6.374 3.307 8.500 8.321 6.901 9.283 6.230 2.572 4.619 3.570 3.940 5.122 4.240 4.185 6.947 0.815 1.783 3.558 7.661
3.474 2.840 9.730 7.868 1.438 6.668 8.530 2.412 6.813 6.749 1.509 8.765 7.152 0.688 5.613 6.755 4.064 3.974 8.562 1.952 8.698 9.792 7.475 8.693 0.443 -9999.900 4.842 9.197 2.676 9.040 1.164 1.903 1.335 9.902 8.300 4.304 8.024 3.335 5.214 1.161 3.930 4.335 1.164 2.796 1.927 5.792 1.158 4.637 8.364 6.387
9.489 0.962 4.424 9.478 4.540 7.570 6.939 7.983 9.141 7.822 1.128 0.758 3.982 8.048 9.584 3.794 2.758 9.119 9.880 0.633 3.405 9.287 7.111 8.338 5.616 -9999.900 5.865 7.361 9.120 3.396 5.019 1.515 9.858 1.650 6.883 0.349 9.940 7.439 5.450 8.415 4.427 3.288 6.441 3.884 7.530 6.837 5.425 1.094 4.191 1.349
0.883 6.242 1.541 1.797 5.770 0.650 1.650 4.829 3.872 1.932 4.057 5.020 7.141 9.581 3.207 8.490 0.735 6.537 2.208 6.889 7.356 9.439 2.625 9.155 4.824 -9999.900 4.702 6.794 1.348 0.442 7.547 6.996 2.002 0.941 6.582 5.515 6.465 2.788 9.961 8.492 5.233 0.810 4.928 4.661 5.311 5.740 2.665 6.979 1.439 6.198
6.661 8.807 2.117 2.174 9.509 1.503 8.972 5.652 6.244 4.363 3.435 7.265 4.681 6.905 7.680 3.164 6.293 2.176 4.837 1.959 0.748 0.449 4.893 2.096 2.033 -9999.900 5.258 3.348 0.533 1.561 4.785 0.742 1.485 3.040 6.944 5.800 6.387 0.421 4.878 7.930 8.307 2.325 8.743 5.670 3.477 3.390 3.553 6.496 2.039 4.797
9.739 6.120 0.746 3.428 8.192 2.387 2.641 2.234 2.159 1.654 7.757 7.069 9.257 1.984 0.331 4.714 9.046 6.327 0.354 8.532 8.995 8.726 2.557 7.086 8.851 -9999.900 2.639 6.527 0.271 4.745 4.216 2.103 1.112 1.262 8.831 3.912 9.221 9.195 2.686 2.101 0.380 1.405 8.665 3.242 6.076 8.682 5.703 4.025 8.039 0.696
1.096 3.351 3.958 0.485 0.486 1.577 1.000 9.335 7.087 3.893 6.640 8.359 8.540 9.493 3.632 4.855 3.530 9.325 8.207 9.188 5.243 5.308 1.888 8.324 0.779 -9999.900 4.058 3.850 8.207 6.968 6.276 4.999 9.732 9.874 5.699 4.331 7.938 0.201 7.684 9.646 6.221 5.506 2.608 5.225 0.208 3.766 2.224 3.460 0.263 1.678
1.235 8.824 0.896 9.137 4.242 0.155 2.752 7.383 6.522 3.890 5.543 9.707 1.977 0.186 0.862 8.897 5.474 9.513 8.335 8.776 8.299 8.037 1.007 1.520 1.799 -9999.900 2.278 2.965 5.418 2.267 9.431 9.705 1.464 0.232 3.069 9.113 7.218 9.708 1.556 6.005 0.322 2.967 5.924 4.877 2.871 3.126 0.878 0.631 3.798 3.374
8.625 2.306 9.347 6.397 5.882 8.949 1.331 5.894 3.799 4.072 1.377 0.297 3.126 1.157 3.153 7.867 2.433 9.679 3.422 7.591 4.063 0.323 9.942 4.357 1.962 -9999.900 8.715 0.803 7.657 7.153 2.172 9.508 8.968 7.439 1.826 8.712 5.613 9.301 1.900 4.898 4.482 6.523 4.947 7.103 5.421 1.497 9.016 2.391 5.677 5.872
1.100 3.173 7.115 4.217 2.534 7.440 8.362 5.164 0.330 3.335 2.948 9.136 8.017 1.174 9.751 2.757 4.789 4.614 9.429 7.461 8.655 7.797 4.042 7.853 9.860 -9999.900 5.785 0.794 2.404 4.478 3.214 5.491 6.404 6.838 3.105 5.917 8.622 9.304 4.440 2.929 7.055 8.995 7.497 9.755 3.483 4.986 3.142 8.877 3.058 2.573
2.248 6.989 1.259 2.460 6.657 0.612 1.200 3.489 4.044 0.395 3.641 2.519 9.578 9.391 6.264 6.353 3.195 9.374 7.500 6.917 4.817 5.771 9.922 6.728 6.103 -9999.900 3.406 1.395 5.140 4.945 8.812 7.808 7.559 4.526 4.153 2.877 3.752 8.809 6.618 0.783 8.908 3.973 6.742 4.363 2.619 2.427 8.171 1.666 5.830 5.137
8.129 9.153 7.049 3.118 1.100 1.548 2.004 5.503 4.942 7.770 5.595 9.539 7.697 0.958 8.243 3.676 4.757 8.471 9.178 1.940 9.357 7.662 8.158 9.166 4.610 -9999.900 7.460 9.418 9.666 8.323 7.263 8.793 8.640 4.047 6.656 4.884 5.240 0.306 4.127 9.193 5.737 5.066 2.790 9.754 9.314 0.166 9.144 4.682 2.759 5.794
1.515 3.605 8.739 5.677 2.912 6.998 4.391 5.360 4.592 2.654 3.597 1.516 4.536 2.495 4.839 3.211 5.064 4.724 7.011 7.044 7.046 4.913 2.932 1.513 8.217 -9999.900 8.982 1.272 2.288 6.344 8.618 8.799 6.094 4.406 3.429 7.640 3.241 7.918 4.671 2.922 6.775 2.246 9.702 0.188 2.286 1.317 2.579 7.545 4.813 6.981
5.538 7.279 3.880 7.648 6.465 0.295 2.745 5.661 9.540 6.337 3.279 0.655 1.012 2.239 6.585 8.049 2.696 7.071 8.947 5.034 1.523 2.044 7.684 9.883 8.190 -9999.900 4.975 4.033 3.440 4.290 3.543 2.877 4.743 9.731 4.134 4.465 2.064 6.576 3.096 3.060 9.879 0.416 4.300 2.392 6.327 2.645 9.152 9.284 4.582 9.489
0.751 7.416 0.856 8.400 7.019 0.913 2.046 9.201 5.002 8.621 6.123 7.038 0.183 0.142 4.068 6.231 8.494 0.707 5.684 3.109 4.533 9.126 5.846 8.963 8.820 -9999.900 2.709 2.437 5.345 5.287 9.988 8.559 8.832 1.268 4.645 7.983 0.951 1.961 2.267 2.676 6.126 0.724 6.393 4.069 8.951 2.953 0.759 5.289 2.830 3.392
3.330 4.015 4.456 8.424 0.660 4.126 1.113 4.658 4.746 9.584 5.118 2.628 7.481 6.085 8.753 5.965 6.916 0.693 4.141 2.332 7.501 3.653 9.990 1.472 1.748 -9999.900 4.968 3.147 2.136 4.097 6.453 6.504 4.734 3.188 3.366 4.835 0.730 1.930 2.528 0.512 9.160 5.911 8.537 1.202 3.083 0.456 8.754 4.067 4.608 2.876
6.157 6.725 6.932 1.710 5.543 0.256 9.964 1.864 4.620 2.584 9.538 2.946 4.361 9.722 2.796 1.771 5.843 6.697 3.378 1.762 3.080 7.515 3.761 4.517 1.259 -9999.900 3.573 6.257 7.757 4.569 4.312 6.030 3.800 6.804 9.521 6.173 7.678 8.394 3.113 4.569 9.159 4.733 9.537 9.055 1.995 3.037 6.628 2.619 4.706 8.784
3.195 0.448 3.878 7.478 7.353 9.461 8.125 8.026 3.869 0.456 7.646 4.471 1.928 1.462 7.272 5.195 8.947 8.194 7.492 4.926 6.642 8.861 0.445 5.670 8.185 -9999.900 8.977 2.173 8.894 8.090 3.004 4.303 6.576 9.941 8.627 6.352 6.417 5.574 3.353 1.678 6.283 1.513 8.823 7.525 9.703 8.629 8.523 2.305 3.959 5.224
4.581 5.325 4.409 6.209 2.332 4.374 7.599 1.795 3.562 6.314 1.269 2.570 0.641 2.951 3.379 9.412 9.574 9.699 6.397 9.055 4.425 4.812 7.677 6.568 8.880 -9999.900 5.580 8.891 1.606 0.919 8.104 6.894 1.069 4.623 3.783 2.610 3.706 0.963 4.770 4.870 4.563 6.182 1.604 2.933 8.113 4.182 5.550 8.728 2.607 1.287
7.240 8.857 3.044 6.996 2.391 4.561 7.053 2.689 4.706 4.610 6.917 3.135 5.228 7.116 0.789 7.200 4.244 9.236 4.113 2.853 5.397 9.290 5.143 4.425 9.410 -9999.900 7.781 3.677 2.806 3.532 3.943 5.901 0.632 6.521 7.811 0.126 8.772 0.401 4.308 0.637 6.770 2.820 5.041 6.686 6.789 6.440 2.592 7.036 5.154 1.969
6.547 3.709 6.361 6.708 9.216 0.127 0.108 0.990 3.475 4.851 1.588 7.676 5.082 4.407 4.238 6.372 1.785 3.999 0.115 3.600 4.300 1.112 9.105 9.299 3.945 -9999.900 4.082 4.884 2.020 9.397 8.121 1.941 1.247 9.285 4.459 8.976 3.780 9.347 9.029 5.145 8.063 5.477 3.754 8.813 7.223 1.898 7.280 1.194 1.364 8.454
7.737 9.547 5.974 8.805 2.757 8.180 3.221 5.729 9.979 2.187 1.632 8.613 7.916 8.315 7.495 6.804 9.262 6.855 5.442 4.575 3.701 7.171 0.622 5.521 5.741 -9999.900 3.266 1.789 7.252 0.830 1.929 6.344 6.723 3.697 1.137 6.829 4.153 6.149 3.778 5.960 8.300 6.617 9.538 3.456 5.465 5.038 2.815 8.324 2.893 9.918
1.195 7.824 5.238 7.633 9.720 7.836 4.740 9.318 8.898 6.063 3.254 8.712 8.640 8.977 8.164 7.005 6.582 3.554 1.295 6.442 8.234 7.379 6.722 7.739 6.913 -9999.900 8.387 8.664 5.958 5.693 0.395 0.605 5.900 5.186 3.252 8.961 5.586 3.287 5.478 8.082 2.723 0.940 6.982 3.944 3.249 4.458 7.888 6.132 7.588 2.649
8.883 4.266 5.986 5.544 2.812 7.495 5.362 4.054 0.415 2.758 8.832 6.747 9.269 7.267 6.291 4.245 0.477 5.144 7.705 1.153 0.645 9.610 4.366 3.741 6.363 -9999.900 3.681 5.442 5.976 8.907 9.145 3.117 0.359 2.575 9.475 6.562 5.699 0.115 5.605 0.669 8.881 1.255 4.664 9.470 5.440 4.992 2.923 0.415 4.432 3.376
9.161 8.203 2.038 4.164 4.597 6.284 3.073 5.647 5.192 8.748 5.248 5.424 8.474 9.103 5.494 2.213 0.898 3.682 5.963 0.170 1.166 9.820 3.457 1.717 6.883 -9999.900 8.399 4.224 2.795 6.836 4.403 6.295 2.930 7.795 0.790 2.638 2.192 5.205 6.585 4.083 1.132 6.441 7.206 2.240 8.602 5.742 2.198 6.804 6.609 9.301
6.976 6.836 7.294 7.300 5.116 8.704 4.771 8.560 1.531 2.886 1.405 5.206 6.880 0.480 0.551 6.953 6.052 8.644 5.384 9.713 3.366 3.770 7.388 2.139 2.433 -9999.900 0.200 2.015 6.735 1.065 4.586 9.411 4.729 1.736 0.461 5.849 4.411 8.065 8.931 7.233 7.664 5.027 8.400 5.624 0.357 3.207 4.430 5.010 4.794 9.116
9.168 9.010 3.601 4.965 1.999 1.643 4.493 1.005 6.945 4.840 2.165 7.659 5.053 3.093 1.558 3.482 7.717 4.632 9.948 6.704 8.536 7.698 2.563 0.767 8.512 -9999.900 9.735 3.352 8.973 2.999 5.811 7.047 5.028 4.790 6.412 9.224 1.067 4.324 5.598 2.074 5.898 0.432 6.016 9.906 1.201 6.349 4.501 6.199 3.957 8.666
5.311 9.752 7.992 8.454 9.728 9.507 8.043 6.153 5.140 9.378 9.199 5.120 3.748 8.155 3.749 8.558 4.339 6.692 9.438 9.405 4.050 7.524 8.765 7.131 8.830 -9999.900 0.762 0.757 2.164 6.507 0.217 8.444 6.230 6.427 0.747 6.186 3.102 3.783 9.394 1.697 1.844 6.491 3.556 5.575 4.520 3.630 2.878 2.883 3.939 6.644
8.023 8.889 6.177 1.920 3.943 8.682 5.938 9.087 3.953 8.443 8.705 8.580 5.645 8.916 7.867 1.206 0.382 2.323 2.338 6.812 3.170 3.298 0.779 8.064 5.081 -9999.900 8.494 9.783 0.534 4.495 8.482 6.608 3.673 2.099 5.379 8.725 3.866 5.407 4.842 9.665 0.768 4.709 2.297 6.870 3.691 1.208 3.668 0.457 5.146 5.353
0.714 4.448 3.188 5.422 0.751 8.748 3.632 9.225 5.682 8.443 2.169 6.671 7.350 8.114 0.499 0.839 1.086 8.486 3.352 3.941 3.702 6.344 6.713 9.011 1.991 -9999.900 7.593 1.478 9.955 8.063 3.275 3.187 6.453 4.153 9.255 4.767 7.224 2.404 9.616 3.519 3.469 5.834 9.879 7.019 0.722 7.655 4.203 0.370 1.576 7.629
1.410 6.479 9.473 7.654 5.472 0.369 4.666 1.175 1.127 9.430 1.223 6.214 5.055 0.816 0.147 2.712 4.160 3.238 7.289 9.988 6.368 6.407 0.516 3.985 4.990 -9999.900 9.650 9.315 5.424 6.403 4.260 0.522 7.064 2.801 0.733 3.301 9.459 2.112 7.744 3.355 6.415 5.932 7.515 3.393 3.608 8.166 0.573 6.336 9.104 5.881
7.263 0.304 6.327 9.647 3.813 3.206 7.007 7.237 8.420 9.340 1.112 3.385 8.327 0.735 1.249 1.139 8.064 4.202 5.423 2.976 3.675 0.323 6.546 8.801 4.570 -9999.900 4.786 3.902 9.515 1.155 7.511 9.842 6.728 5.181 7.191 3.376 9.551 1.538 2.456 2.260 0.142 1.016 5.811 0.726 7.363 0.370 0.332 1.226 4.993 1.363
