data/dummy_raster_feature.asc
ncols 	 50 
nrows 	 80 
xllcorner 	 0.0 
yllcorner 	 0.0 
cellsize 	 2.0 
NODATA_value 	 -9999.9 
[rows 0 to 51 of 80, columns 0 to 49 of 50]
0.730 6.136 1.668 4.937 1.556 4.240 1.538 5.453 6.738 4.607 2.740 2.514 7.873 9.990 5.671 9.626 9.357 7.145 6.772 9.368 2.486 7.990 7.505 8.376 4.372 -9999.900 3.713 6.395 7.461 5.054 5.126 5.633 0.203 1.156 0.964 1.180 0.114 7.752 1.267 8.326 3.359 0.628 4.484 5.239 4.124 4.739 1.837 1.453 5.745 8.144
8.906 4.651 4.328 1.513 3.076 9.677 3.473 2.260 5.903 2.625 9.639 5.864 9.080 3.080 3.801 8.937 9.077 2.730 6.654 5.191 7.257 4.298 9.234 4.808 -9999.900 -9999.900 -9999.900 5.610 9.468 6.953 4.803 0.291 6.530 9.914 6.929 6.469 9.234 0.985 0.887 0.620 7.953 2.284 2.737 5.957 1.388 5.233 2.202 7.949 7.221 8.791
4.250 5.844 3.358 9.212 6.523 2.515 9.254 6.235 8.741 9.944 5.153 2.087 5.753 7.278 0.539 0.613 7.913 5.211 9.545 2.914 0.976 1.093 6.645 -9999.900 1.069 -9999.900 4.122 -9999.900 6.393 2.044 5.325 4.903 3.153 6.005 5.258 9.707 2.848 8.614 1.209 0.561 1.011 9.178 6.693 1.187 8.390 3.812 9.437 7.353 9.222 1.058
9.614 7.092 7.534 9.672 0.663 2.487 9.993 9.156 9.370 7.304 5.184 8.652 2.439 2.000 5.331 1.281 9.945 4.901 8.926 9.117 8.319 3.799 -9999.900 6.604 7.913 -9999.900 5.565 7.186 -9999.900 7.404 1.123 3.914 6.348 7.664 0.542 3.414 4.861 0.546 6.408 1.832 9.057 8.348 6.820 9.559 6.228 8.293 7.363 6.307 6.006 8.562
0.696 4.973 6.290 7.577 0.318 6.595 4.011 6.057 9.621 7.649 3.934 3.369 9.634 1.772 6.842 9.608 3.764 9.209 0.182 8.325 9.290 3.931 7.966 3.593 9.602 -9999.900 2.726 2.662 3.949 0.708 3.326 4.880 5.215 9.213 4.297 1.537 4.839 7.067 4.919 9.150 1.684 4.711 0.697 7.363 9.566 4.302 2.581 8.423 2.990 2.405
2.493 8.734 0.737 9.673 1.507 2.878 2.594 8.113 9.457 1.203 4.602 4.888 8.601 6.096 1.108 4.060 5.255 6.524 4.724 2.985 6.076 4.051 2.509 1.525 9.696 -9999.900 2.596 4.079 0.273 3.952 9.837 9.622 2.963 3.994 4.313 5.258 4.450 3.978 1.465 2.785 3.167 2.260 9.564 9.554 2.890 1.417 5.002 8.756 0.385 7.160
6.646 6.300 7.001 4.104 0.738 5.726 5.273 9.995 8.936 0.576 2.442 3.952 2.360 8.465 9.512 7.102 9.476 4.620 4.831 2.309 3.014 9.164 0.567 0.511 8.856 -9999.900 2.531 3.267 6.314 3.291 9.178 2.833 4.457 7.921 0.518 6.729 8.277 1.838 7.872 7.673 4.896 4.545 6.185 9.157 5.317 3.155 1.439 8.000 2.418 8.049
9.082 6.857 7.029 4.457 0.561 9.075 3.029 9.166 5.832 9.896 0.760 1.049 1.349 3.659 9.741 6.527 5.140 0.480 2.166 9.586 3.228 4.667 1.109 5.177 1.498 -9999.900 5.462 4.738 0.375 5.971 4.475 7.448 6.671 8.252 6.215 7.719 3.744 1.452 6.009 2.573 3.195 8.229 3.637 2.504 0.762 9.521 0.336 8.411 7.706 0.174
6.567 5.929 0.502 8.571 5.738 6.508 5.913 2.696 3.023 5.548 3.895 3.998 5.986 1.800 5.570 7.405 9.910 7.022 6.036 3.416 3.527 7.161 5.561 7.612 7.150 -9999.900 5.358 6.444 5.067 1.406 1.462 4.879 7.373 8.324 0.575 7.288 6.434 1.491 9.429 5.232 6.317 6.941 9.317 2.178 6.590 4.028 6.094 2.082 9.838 7.702
9.732 7.143 6.076 9.788 6.654 9.808 2.883 5.583 1.472 8.226 6.546 4.326 6.820 1.276 7.022 8.551 7.953 7.927 1.380 5.822 2.015 8.008 3.226 1.223 3.197 -9999.900 2.837 2.616 5.901 2.800 4.940 1.833 9.315 0.569 7.911 4.221 6.378 9.504 9.118 0.847 5.994 0.757 6.625 1.992 7.725 6.293 4.961 3.136 4.651 5.080
3.314 2.763 5.019 6.890 0.979 9.352 9.421 2.306 6.748 6.166 0.712 1.188 4.026 5.633 8.510 9.306 9.186 8.723 0.135 2.414 0.961 5.522 9.608 8.920 4.776 -9999.900 2.169 4.331 3.062 6.828 1.428 1.566 6.920 2.256 9.740 9.000 4.907 2.687 0.238 9.664 6.665 9.002 3.433 5.994 3.476 3.958 7.011 2.532 9.383 3.998
0.605 0.218 9.683 4.928 9.863 2.518 9.387 6.858 0.749 9.108 3.177 2.368 9.414 8.308 0.354 2.650 4.684 2.314 2.936 9.686 4.267 3.940 4.035 3.394 0.256 -9999.900 3.508 2.199 9.061 5.026 9.433 1.704 6.390 7.459 6.339 6.516 9.513 1.670 7.762 6.501 8.250 8.069 7.146 0.659 2.215 3.570 8.471 2.035 9.387 0.129
2.164 8.617 4.766 7.456 1.835 6.177 3.746 4.702 1.470 3.566 2.209 9.656 3.717 1.136 3.098 7.354 8.559 9.955 9.014 3.968 0.195 4.584 7.981 1.837 1.643 -9999.900 8.177 6.031 5.312 4.515 6.699 3.503 3.039 8.479 5.558 7.068 7.899 8.657 0.253 6.504 4.804 2.416 3.972 1.650 1.677 4.325 0.168 5.495 6.720 8.329
2.431 0.775 2.607 7.265 2.643 0.516 1.963 4.361 7.637 2.160 1.676 9.466 7.261 5.373 1.243 8.731 0.935 4.220 1.640 9.578 0.509 5.252 9.645 8.197 8.536 -9999.900 8.348 1.055 9.297 1.291 0.486 1.912 1.315 9.927 9.670 2.657 4.908 1.935 5.298 0.428 6.572 7.651 8.785 6.919 6.614 2.702 6.673 8.263 8.674 4.693
6.791 0.793 0.522 5.155 7.397 9.364 8.864 6.677 0.893 8.690 4.375 8.558 9.267 1.750 0.926 6.227 8.985 1.872 4.374 3.547 0.145 5.444 1.838 2.669 3.035 -9999.900 6.967 8.698 8.845 8.781 5.547 3.703 0.408 6.419 9.469 5.760 0.330 9.628 1.222 8.466 9.517 5.248 6.968 0.400 8.491 1.823 3.129 6.593 9.562 4.305
8.529 7.711 7.081 0.473 0.120 9.797 0.918 5.764 0.804 1.393 1.455 2.055 3.556 9.894 5.028 7.665 9.422 4.170 4.239 1.564 2.492 2.992 0.651 3.734 0.659 -9999.900 1.150 3.178 0.454 4.536 9.228 8.843 9.002 3.690 1.746 2.552 3.984 8.892 0.494 3.924 2.064 5.990 0.908 0.557 7.018 8.254 4.751 1.108 0.497 4.828
0.542 1.128 4.854 0.555 3.732 6.950 4.321 1.461 6.712 2.958 9.707 8.630 9.262 5.983 5.766 0.500 4.335 9.305 3.534 5.508 9.457 7.327 8.501 9.360 1.096 -9999.900 1.739 1.121 7.781 8.150 7.523 6.532 7.511 6.706 1.351 5.894 5.455 0.716 4.396 0.118 4.305 9.013 5.533 9.516 5.673 7.774 9.748 2.053 9.286 1.467
4.468 2.406 4.465 1.117 7.416 8.124 3.445 9.274 7.407 6.982 7.545 5.061 1.238 6.756 9.153 2.752 3.018 7.973 8.324 6.684 5.498 5.276 2.054 1.098 7.591 -9999.900 9.294 1.055 5.321 1.390 8.296 6.047 6.038 8.643 3.988 6.804 1.403 0.621 0.656 1.434 8.828 3.475 9.926 1.491 6.765 6.137 5.075 9.088 5.694 4.614
0.944 6.855 9.968 2.159 5.302 0.236 8.985 2.670 7.269 2.965 2.542 4.708 2.050 1.528 4.561 7.217 8.776 4.101 5.375 9.137 4.808 3.018 0.257 3.439 7.208 -9999.900 8.921 1.807 4.763 4.633 4.515 3.233 4.152 4.593 7.166 9.466 4.864 0.967 1.584 5.480 3.724 7.322 3.132 4.105 0.716 5.740 7.865 4.306 7.497 0.529
9.749 1.344 5.780 4.231 4.636 7.694 4.810 5.009 8.747 1.823 3.986 8.165 2.041 7.212 0.661 8.730 6.018 6.800 5.923 9.999 2.668 0.522 2.455 0.805 7.631 -9999.900 4.605 6.926 8.127 3.056 9.412 8.836 7.736 6.155 2.796 8.041 4.941 6.772 4.386 9.855 1.035 6.493 6.965 9.291 5.287 9.165 6.580 6.786 5.620 6.486
4.915 6.065 2.294 6.366 1.185 0.649 2.786 7.803 3.421 6.817 3.552 7.826 3.862 9.643 0.931 8.369 5.828 6.418 4.264 9.683 5.709 5.230 9.047 1.006 2.829 -9999.900 5.300 1.813 8.810 2.683 9.855 0.172 8.007 0.353 7.197 0.894 2.851 2.850 3.831 9.999 4.995 2.814 1.480 2.334 5.902 9.102 7.384 9.025 6.947 3.691
7.435 8.781 2.887 2.368 2.097 2.595 2.908 9.079 8.616 6.454 9.218 4.066 0.374 3.795 6.778 0.941 2.205 4.167 7.934 2.372 5.207 5.269 1.678 0.883 3.752 -9999.900 6.746 3.408 6.381 4.591 2.830 1.935 4.661 8.870 1.711 6.056 1.891 0.204 4.519 3.697 4.304 6.186 4.010 1.154 1.387 6.109 4.241 4.461 3.514 6.396
2.675 3.420 8.916 8.587 1.136 7.389 5.360 2.134 7.816 2.467 6.976 7.833 1.983 2.880 3.638 2.680 2.581 2.221 0.949 8.667 2.031 7.055 4.981 3.977 2.285 -9999.900 9.084 1.125 7.677 6.900 6.956 0.930 9.020 3.224 7.961 4.747 6.186 1.891 2.493 9.928 7.446 0.322 7.014 2.065 2.301 2.956 7.016 2.981 3.613 1.091
6.971 7.929 5.289 1.250 7.397 7.855 9.864 8.820 9.150 8.267 0.560 7.951 6.107 0.435 1.247 2.906 8.962 5.114 9.349 6.404 2.319 0.593 5.241 1.399 4.380 -9999.900 2.470 5.708 2.353 5.222 9.008 5.863 0.276 0.746 9.589 3.592 0.147 2.329 3.104 8.329 0.172 0.166 5.133 6.640 3.236 0.179 5.144 7.514 1.191 0.742
9.157 8.309 9.834 1.977 2.967 5.840 6.787 5.169 4.834 1.205 6.217 3.723 7.175 1.324 3.157 5.428 7.867 0.693 9.274 2.247 8.021 0.512 8.355 7.675 8.954 -9999.900 6.032 0.540 2.213 7.910 2.915 0.300 8.104 2.419 1.377 4.969 5.363 3.237 0.642 7.667 9.828 5.824 3.559 1.948 2.260 2.977 5.963 0.829 1.275 6.363
1.421 6.413 7.433 5.445 6.067 3.880 0.447 2.344 6.731 4.611 2.273 3.398 8.775 2.489 5.284 5.176 2.524 6.335 8.633 0.660 8.454 0.484 4.663 9.281 5.816 -9999.900 2.159 1.289 8.071 5.482 9.699 2.683 0.186 1.380 0.374 4.167 4.924 2.330 6.545 7.898 9.388 6.719 4.163 4.732 0.171 7.313 9.941 5.456 5.422 5.919
3.932 2.220 8.643 1.148 3.245 2.808 3.303 0.372 6.832 0.637 1.817 7.368 2.773 6.181 4.671 2.797 8.803 3.046 0.369 1.615 4.263 4.286 1.063 0.258 0.139 -9999.900 9.393 2.079 4.981 1.326 2.756 9.670 4.714 8.610 5.428 2.058 4.137 6.307 3.776 8.987 8.043 5.366 5.898 0.318 9.544 3.857 5.330 9.280 1.142 2.343
4.597 6.434 5.700 9.528 7.999 9.547 7.382 7.824 4.926 7.452 7.232 0.891 4.647 9.735 2.681 1.605 6.319 0.207 1.987 2.273 5.786 7.599 9.871 4.681 2.361 -9999.900 4.529 8.929 2.523 5.149 9.021 9.770 6.410 3.650 9.108 4.347 7.070 9.966 9.627 2.645 0.245 6.404 0.290 6.892 8.129 0.453 7.326 5.443 6.174 8.396
7.678 3.358 7.683 8.194 5.560 4.094 4.210 2.534 9.654 6.085 0.905 5.764 4.577 8.090 1.613 2.223 8.621 1.397 2.359 7.582 6.331 6.978 6.572 1.307 0.539 -9999.900 2.091 6.322 9.017 8.618 0.791 6.381 8.611 2.482 3.884 2.218 2.413 0.364 2.152 4.387 5.557 4.230 3.036 8.374 8.844 4.733 6.517 7.598 4.360 2.030
9.639 1.973 4.939 8.329 3.069 6.926 8.278 9.653 8.641 2.654 8.318 5.046 2.067 8.830 2.356 3.948 7.501 3.956 3.657 3.883 1.109 2.228 0.607 3.539 0.807 -9999.900 7.610 2.987 1.784 3.369 8.781 1.828 1.936 4.381 1.646 6.020 5.587 5.722 9.110 3.343 7.064 5.912 4.552 5.101 7.025 7.000 1.379 4.725 5.390 5.945
1.826 9.465 3.772 5.262 5.896 7.780 3.660 2.691 5.962 8.742 0.351 2.387 5.000 1.989 3.956 2.728 6.620 2.825 6.889 2.130 3.520 3.923 4.617 7.282 8.891 -9999.900 9.441 1.028 3.431 7.032 9.113 1.431 0.758 5.143 2.192 2.403 2.323 6.156 7.671 3.739 5.391 1.519 0.538 1.833 3.054 5.097 6.381 1.782 8.537 5.829
8.261 1.905 1.249 9.462 8.051 1.403 3.941 0.938 6.127 5.896 7.527 5.402 1.866 0.508 1.923 2.091 5.202 8.839 6.031 8.267 3.458 9.426 2.352 8.490 9.729 -9999.900 5.326 5.693 5.331 7.314 1.583 6.613 7.162 1.244 7.356 0.889 6.096 7.794 5.057 9.626 4.625 0.146 7.276 7.342 7.920 8.399 5.658 9.995 8.233 7.057
9.058 6.228 4.105 5.572 0.781 7.547 9.221 9.005 9.293 0.776 8.519 3.274 2.439 6.758 8.200 4.640 5.698 5.737 4.253 7.497 6.761 6.624 8.146 7.723 0.868 -9999.900 2.515 9.086 7.030 4.132 5.634 2.819 5.060 0.197 7.949 2.126 5.997 4.942 3.832 8.037 5.300 8.198 9.702 1.746 5.601 2.165 6.144 8.275 8.523 2.383
7.688 4.117 4.691 1.011 3.778 1.291 4.459 8.616 8.788 7.676 7.978 6.822 6.255 8.638 9.108 7.032 6.245 1.091 3.564 4.492 7.844 6.736 6.900 4.699 5.677 -9999.900 7.426 8.936 6.399 6.080 6.933 7.645 7.004 3.579 4.833 1.679 1.041 3.893 1.309 3.009 3.194 8.985 1.906 9.651 6.844 1.198 4.409 2.239 1.821 0.833
4.793 9.227 1.314 5.540 2.644 1.728 4.068 8.412 9.284 2.848 4.796 1.614 2.894 4.856 1.193 1.088 6.844 1.714 2.459 3.003 8.698 9.717 1.434 9.357 3.684 -9999.900 9.485 1.521 6.183 3.895 0.923 8.393 6.584 6.471 5.480 8.664 7.598 7.241 1.779 9.105 9.191 9.938 8.306 4.025 4.433 6.313 4.800 1.426 9.276 0.629
0.433 8.221 5.583 7.128 6.562 8.269 5.416 6.257 0.610 2.070 6.032 4.416 7.877 5.837 6.911 5.208 2.081 7.826 4.858 7.036 3.981 1.116 5.023 8.221 7.627 -9999.900 6.506 4.518 8.695 0.591 2.586 8.062 0.785 6.822 3.252 2.726 2.792 8.622 7.797 5.293 7.875 8.875 8.670 0.887 2.090 6.532 6.741 2.126 3.922 5.398
8.753 8.110 9.720 6.149 4.873 3.910 2.666 1.893 5.918 1.662 1.700 8.375 7.283 8.799 8.609 8.882 1.591 5.132 2.157 0.901 4.559 5.098 6.110 8.423 7.393 -9999.900 1.598 8.170 5.585 1.085 8.950 1.258 6.320 1.061 6.108 5.891 5.101 8.855 5.116 0.250 5.046 0.943 1.238 5.718 1.383 6.863 7.122 1.539 6.970 2.712
3.558 5.045 6.825 7.751 2.460 0.468 7.423 8.340 0.339 3.142 8.940 1.436 9.654 8.759 7.115 1.949 9.047 7.058 8.066 4.734 7.173 2.094 2.773 9.824 7.731 -9999.900 2.226 3.624 8.722 7.315 6.168 5.985 7.559 3.447 5.931 9.905 9.915 8.476 7.642 6.093 5.703 9.325 3.407 9.179 8.060 1.686 4.878 1.372 1.530 5.894
1.963 0.332 0.723 6.169 0.196 5.022 5.747 2.266 4.486 9.042 0.891 7.282 7.029 1.553 0.209 4.443 0.340 1.367 3.840 9.646 3.870 6.954 1.472 6.588 7.089 -9999.900 5.904 7.159 5.381 1.535 5.008 9.419 1.001 7.704 3.957 1.624 2.353 9.316 0.818 9.637 4.016 8.048 0.509 9.308 3.932 2.688 6.955 9.668 6.019 4.922
4.393 3.116 9.658 1.234 2.975 5.523 4.505 7.584 9.464 9.394 3.913 4.619 6.270 6.995 7.904 2.416 0.333 7.765 3.153 4.148 6.030 0.206 1.242 9.613 8.077 -9999.900 7.847 8.143 1.963 8.271 3.630 7.716 1.403 4.935 3.931 6.905 6.306 3.615 0.369 5.248 4.354 5.621 0.236 6.718 9.609 5.742 2.370 7.340 0.995 9.081
1.751 6.959 2.138 0.105 2.912 5.845 0.487 9.443 1.292 6.289 9.332 0.429 1.753 5.948 7.644 4.972 7.610 6.599 6.336 6.617 0.516 0.854 0.337 1.882 9.717 -9999.900 4.589 5.882 9.667 4.728 9.020 8.564 1.819 6.552 3.148 3.475 1.418 3.763 8.041 6.740 4.421 0.869 6.306 7.775 6.300 0.500 5.826 7.802 5.756 8.021
9.483 1.330 1.924 9.934 2.529 9.181 2.621 1.005 7.026 2.074 9.620 9.329 6.905 9.671 6.416 0.449 4.712 8.003 4.369 9.493 0.957 7.850 4.737 7.691 2.595 -9999.900 1.344 2.432 7.147 6.495 5.109 0.695 7.573 1.284 0.777 4.272 9.095 3.100 5.841 4.710 6.137 7.321 5.269 9.305 3.999 8.684 6.325 2.827 6.879 8.581
2.127 0.329 2.511 7.480 0.183 5.511 9.659 6.376 2.772 9.718 5.937 6.134 2.622 7.173 4.030 0.146 0.885 4.267 2.242 1.861 4.071 6.237 3.099 4.405 0.974 -9999.900 1.612 8.266 3.363 3.616 3.140 2.382 9.183 2.625 4.922 1.380 7.890 9.687 0.261 1.458 0.738 0.785 6.626 5.563 7.588 2.179 2.443 0.506 6.430 6.332
8.778 3.971 5.013 8.420 6.369 7.415 4.278 4.012 5.777 6.950 5.178 1.013 8.007 0.637 4.900 3.585 0.744 1.949 6.211 3.270 0.249 0.746 5.021 2.510 3.548 -9999.900 2.245 2.859 2.109 8.671 6.659 6.049 2.720 8.504 1.142 9.617 1.904 7.224 2.960 4.230 1.115 8.298 8.820 0.690 7.993 2.631 7.166 8.351 3.742 8.589
1.931 1.710 3.244 6.398 2.212 3.576 2.596 0.407 7.072 6.871 1.184 1.671 7.936 2.861 7.240 2.932 7.207 8.809 7.635 8.223 7.403 9.312 8.446 0.279 4.812 -9999.900 3.969 2.377 7.985 2.072 7.900 0.954 4.472 8.608 6.018 2.265 6.767 1.444 1.137 5.911 1.275 9.718 5.256 7.666 6.179 4.358 6.632 4.440 3.135 7.004
6.052 5.949 5.671 4.163 8.961 0.544 9.729 5.225 5.473 8.520 5.882 4.726 9.080 1.918 9.040 0.550 4.882 5.624 8.673 8.112 7.147 5.544 6.933 7.213 3.587 -9999.900 3.219 6.195 6.251 1.138 2.701 5.474 7.530 4.209 2.830 8.279 3.764 6.873 8.509 6.659 3.058 6.475 2.545 6.140 2.504 7.207 5.711 1.445 5.193 2.548
8.284 6.909 8.915 0.292 6.902 2.921 3.453 6.558 3.254 5.870 0.829 6.673 2.407 5.465 8.829 6.122 8.477 2.807 0.323 9.671 0.903 8.114 6.205 3.120 3.889 -9999.900 5.672 4.368 8.550 7.171 8.626 8.431 9.195 5.112 4.156 6.364 2.705 5.284 2.948 8.762 9.061 2.456 3.362 6.779 9.523 5.116 1.972 5.926 4.524 9.830
3.295 5.310 8.851 7.766 1.372 8.457 4.325 5.137 7.497 8.858 4.953 0.176 0.344 1.265 3.605 7.354 2.861 2.304 9.723 8.641 1.473 1.577 4.631 4.932 8.173 -9999.900 0.873 1.136 4.214 0.921 5.341 0.550 4.967 3.653 8.618 9.337 2.551 2.626 8.234 4.110 8.786 7.421 4.834 7.049 2.630 2.620 0.834 9.291 5.188 2.339
3.718 1.548 7.889 1.602 7.798 7.405 3.428 2.976 8.180 8.481 2.238 2.755 3.504 2.568 6.119 3.549 3.694 2.089 9.144 8.737 0.499 5.462 3.373 1.630 7.314 -9999.900 3.826 0.900 4.548 5.704 3.081 7.711 8.401 9.482 4.942 1.376 7.737 9.889 4.312 6.678 1.168 2.444 7.729 2.052 8.369 4.747 4.407 4.436 1.412 0.135
4.874 5.556 4.044 0.642 6.558 4.411 9.317 5.176 7.274 9.649 2.007 4.105 0.531 6.971 4.801 7.560 6.423 4.127 0.898 2.164 6.315 0.206 8.420 6.038 1.675 -9999.900 3.782 3.486 7.879 4.512 7.785 1.148 5.668 8.759 4.667 6.755 0.779 7.991 0.875 1.673 7.783 7.383 0.295 6.658 0.959 2.767 3.479 3.874 4.070 3.177
0.786 7.353 9.906 1.877 3.013 9.857 6.491 7.117 9.997 9.004 3.587 8.487 7.645 2.530 8.190 9.043 2.490 5.734 1.651 0.809 2.968 8.466 0.529 2.283 0.223 -9999.900 4.488 4.983 2.486 0.815 4.859 3.758 6.729 7.956 7.193 9.621 9.031 5.300 6.329 8.839 6.217 4.165 8.872 1.223 6.473 6.996 2.574 7.961 8.129 0.437
9.857 9.948 7.519 7.566 2.066 1.741 1.975 4.156 3.368 3.457 9.196 9.457 8.261 8.046 2.478 0.574 9.390 6.219 3.109 9.981 3.198 0.821 0.884 5.827 7.699 -9999.900 5.201 2.983 5.804 9.193 0.245 4.735 1.202 3.534 1.974 8.001 6.267 8.273 0.423 5.584 0.751 4.907 4.176 0.850 8.939 2.668 9.062 9.039 2.648 8.626
