data/dummy_raster_grad_feature.asc
ncols 	 50 
nrows 	 80 
xllcorner 	 0.0 
yllcorner 	 0.0 
cellsize 	 2.0 
NODATA_value 	 -9999.9 
[rows 38 to 75 of 80, columns 0 to 49 of 50]
376.300 386.200 396.100 406.000 415.900 425.800 435.700 445.600 455.500 465.400 475.300 485.200 495.100 505.000 514.900 524.800 534.700 544.600 554.500 564.400 574.300 584.200 594.100 604.000 613.900 -9999.900 633.700 643.600 653.500 663.400 673.300 683.200 693.100 703.000 712.900 722.800 732.700 742.600 752.500 762.400 772.300 782.200 792.100 802.000 811.900 821.800 831.700 841.600 851.500 861.400
386.200 396.100 406.000 415.900 425.800 435.700 445.600 455.500 465.400 475.300 485.200 495.100 505.000 514.900 524.800 534.700 544.600 554.500 564.400 574.300 584.200 594.100 604.000 613.900 623.800 -9999.900 643.600 653.500 663.400 673.300 683.200 693.100 703.000 712.900 722.800 732.700 742.600 752.500 762.400 772.300 782.200 792.100 802.000 811.900 821.800 831.700 841.600 851.500 861.400 871.300
396.100 406.000 415.900 425.800 435.700 445.600 455.500 465.400 475.300 485.200 495.100 505.000 514.900 524.800 534.700 544.600 554.500 564.400 574.300 584.200 594.100 604.000 613.900 623.800 633.700 -9999.900 653.500 663.400 673.300 683.200 693.100 703.000 712.900 722.800 732.700 742.600 752.500 762.400 772.300 782.200 792.100 802.000 811.900 821.800 831.700 841.600 851.500 861.400 871.300 881.200
406.000 415.900 425.800 435.700 445.600 455.500 465.400 475.300 485.200 495.100 505.000 514.900 524.800 534.700 544.600 554.500 564.400 574.300 584.200 594.100 604.000 613.900 623.800 633.700 643.600 -9999.900 663.400 673.300 683.200 693.100 703.000 712.900 722.800 732.700 742.600 752.500 762.400 772.300 782.200 792.100 802.000 811.900 821.800 831.700 841.600 851.500 861.400 871.300 881.200 891.100
415.900 425.800 435.700 445.600 455.500 465.400 475.300 485.200 495.100 505.000 514.900 524.800 534.700 544.600 554.500 564.400 574.300 584.200 594.100 604.000 613.900 623.800 633.700 643.600 653.500 -9999.900 673.300 683.200 693.100 703.000 712.900 722.800 732.700 742.600 752.500 762.400 772.300 782.200 792.100 802.000 811.900 821.800 831.700 841.600 851.500 861.400 871.300 881.200 891.100 901.000
425.800 435.700 445.600 455.500 465.400 475.300 485.200 495.100 505.000 514.900 524.800 534.700 544.600 554.500 564.400 574.300 584.200 594.100 604.000 613.900 623.800 633.700 643.600 653.500 663.400 -9999.900 683.200 693.100 703.000 712.900 722.800 732.700 742.600 752.500 762.400 772.300 782.200 792.100 802.000 811.900 821.800 831.700 841.600 851.500 861.400 871.300 881.200 891.100 901.000 910.900
435.700 445.600 455.500 465.400 475.300 485.200 495.100 505.000 514.900 524.800 534.700 544.600 554.500 564.400 574.300 584.200 594.100 604.000 613.900 623.800 633.700 643.600 653.500 663.400 673.300 -9999.900 693.100 703.000 712.900 722.800 732.700 742.600 752.500 762.400 772.300 782.200 792.100 802.000 811.900 821.800 831.700 841.600 851.500 861.400 871.300 881.200 891.100 901.000 910.900 920.800
445.600 455.500 465.400 475.300 485.200 495.100 505.000 514.900 524.800 534.700 544.600 554.500 564.400 574.300 584.200 594.100 604.000 613.900 623.800 633.700 643.600 653.500 663.400 673.300 683.200 -9999.900 703.000 712.900 722.800 732.700 742.600 752.500 762.400 772.300 782.200 792.100 802.000 811.900 821.800 831.700 841.600 851.500 861.400 871.300 881.200 891.100 901.000 910.900 920.800 930.700
455.500 465.400 475.300 485.200 495.100 505.000 514.900 524.800 534.700 544.600 554.500 564.400 574.300 584.200 594.100 604.000 613.900 623.800 633.700 643.600 653.500 663.400 673.300 683.200 693.100 -9999.900 712.900 722.800 732.700 742.600 752.500 762.400 772.300 782.200 792.100 802.000 811.900 821.800 831.700 841.600 851.500 861.400 871.300 881.200 891.100 901.000 910.900 920.800 930.700 940.600
465.400 475.300 485.200 495.100 505.000 514.900 524.800 534.700 544.600 554.500 564.400 574.300 584.200 594.100 604.000 613.900 623.800 633.700 643.600 653.500 663.400 673.300 683.200 693.100 703.000 -9999.900 722.800 732.700 742.600 752.500 762.400 772.300 782.200 792.100 802.000 811.900 821.800 831.700 841.600 851.500 861.400 871.300 881.200 891.100 901.000 910.900 920.800 930.700 940.600 950.500
475.300 485.200 495.100 505.000 514.900 524.800 534.700 544.600 554.500 564.400 574.300 584.200 594.100 604.000 613.900 623.800 633.700 643.600 653.500 663.400 673.300 683.200 693.100 703.000 712.900 -9999.900 732.700 742.600 752.500 762.400 772.300 782.200 792.100 802.000 811.900 821.800 831.700 841.600 851.500 861.400 871.300 881.200 891.100 901.000 910.900 920.800 930.700 940.600 950.500 960.400
485.200 495.100 505.000 514.900 524.800 534.700 544.600 554.500 564.400 574.300 584.200 594.100 604.000 613.900 623.800 633.700 643.600 653.500 663.400 673.300 683.200 693.100 703.000 712.900 722.800 -9999.900 742.600 752.500 762.400 772.300 782.200 792.100 802.000 811.900 821.800 831.700 841.600 851.500 861.400 871.300 881.200 891.100 901.000 910.900 920.800 930.700 940.600 950.500 960.400 970.300
495.100 505.000 514.900 524.800 534.700 544.600 554.500 564.400 574.300 584.200 594.100 604.000 613.900 623.800 633.700 643.600 653.500 663.400 673.300 683.200 693.100 703.000 712.900 722.800 732.700 -9999.900 752.500 762.400 772.300 782.200 792.100 802.000 811.900 821.800 831.700 841.600 851.500 861.400 871.300 881.200 891.100 901.000 910.900 920.800 930.700 940.600 950.500 960.400 970.300 980.200
505.000 514.900 524.800 534.700 544.600 554.500 564.400 574.300 584.200 594.100 604.000 613.900 623.800 633.700 643.600 653.500 663.400 673.300 683.200 693.100 703.000 712.900 722.800 732.700 742.600 -9999.900 762.400 772.300 782.200 792.100 802.000 811.900 821.800 831.700 841.600 851.500 861.400 871.300 881.200 891.100 901.000 910.900 920.800 930.700 940.600 950.500 960.400 970.300 980.200 990.100
514.900 524.800 534.700 544.600 554.500 564.400 574.300 584.200 594.100 604.000 613.900 623.800 633.700 643.600 653.500 663.400 673.300 683.200 693.100 703.000 712.900 722.800 732.700 742.600 752.500 -9999.900 772.300 782.200 792.100 802.000 811.900 821.800 831.700 841.600 851.500 861.400 871.300 881.200 891.100 901.000 910.900 920.800 930.700 940.600 950.500 960.400 970.300 980.200 990.100 1000.000
524.800 534.700 544.600 554.500 564.400 574.300 584.200 594.100 604.000 613.900 623.800 633.700 643.600 653.500 663.400 673.300 683.200 693.100 703.000 712.900 722.800 732.700 742.600 752.500 762.400 -9999.900 782.200 792.100 802.000 811.900 821.800 831.700 841.600 851.500 861.400 871.300 881.200 891.100 901.000 910.900 920.800 930.700 940.600 950.500 960.400 970.300 980.200 990.100 1000.000 1009.900
534.700 544.600 554.500 564.400 574.300 584.200 594.100 604.000 613.900 623.800 633.700 643.600 653.500 663.400 673.300 683.200 693.100 703.000 712.900 722.800 732.700 742.600 752.500 762.400 772.300 -9999.900 792.100 802.000 811.900 821.800 831.700 841.600 851.500 861.400 871.300 881.200 891.100 901.000 910.900 920.800 930.700 940.600 950.500 960.400 970.300 980.200 990.100 1000.000 1009.900 1019.800
544.600 554.500 564.400 574.300 584.200 594.100 604.000 613.900 623.800 633.700 643.600 653.500 663.400 673.300 683.200 693.100 703.000 712.900 722.800 732.700 742.600 752.500 762.400 772.300 782.200 -9999.900 802.000 811.900 821.800 831.700 841.600 851.500 861.400 871.300 881.200 891.100 901.000 910.900 920.800 930.700 940.600 950.500 960.400 970.300 980.200 990.100 1000.000 1009.900 1019.800 1029.700
554.500 564.400 574.300 584.200 594.100 604.000 613.900 623.800 633.700 643.600 653.500 663.400 673.300 683.200 693.100 703.000 712.900 722.800 732.700 742.600 752.500 762.400 772.300 782.200 792.100 -9999.900 811.900 821.800 831.700 841.600 851.500 861.400 871.300 881.200 891.100 901.000 910.900 920.800 930.700 940.600 950.500 960.400 970.300 980.200 990.100 1000.000 1009.900 1019.800 1029.700 1039.600
564.400 574.300 584.200 594.100 604.000 613.900 623.800 633.700 643.600 653.500 663.400 673.300 683.200 693.100 703.000 712.900 722.800 732.700 742.600 752.500 762.400 772.300 782.200 792.100 802.000 -9999.900 821.800 831.700 841.600 851.500 861.400 871.300 881.200 891.100 901.000 910.900 920.800 930.700 940.600 950.500 960.400 970.300 980.200 990.100 1000.000 1009.900 1019.800 1029.700 1039.600 1049.500
574.300 584.200 594.100 604.000 613.900 623.800 633.700 643.600 653.500 663.400 673.300 683.200 693.100 703.000 712.900 722.800 732.700 742.600 752.500 762.400 772.300 782.200 792.100 802.000 811.900 -9999.900 831.700 841.600 851.500 861.400 871.300 881.200 891.100 901.000 910.900 920.800 930.700 940.600 950.500 960.400 970.300 980.200 990.100 1000.000 1009.900 1019.800 1029.700 1039.600 1049.500 1059.400
584.200 594.100 604.000 613.900 623.800 633.700 643.600 653.500 663.400 673.300 683.200 693.100 703.000 712.900 722.800 732.700 742.600 752.500 762.400 772.300 782.200 792.100 802.000 811.900 821.800 -9999.900 841.600 851.500 861.400 871.300 881.200 891.100 901.000 910.900 920.800 930.700 940.600 950.500 960.400 970.300 980.200 990.100 1000.000 1009.900 1019.800 1029.700 1039.600 1049.500 1059.400 1069.300
594.100 604.000 613.900 623.800 633.700 643.600 653.500 663.400 673.300 683.200 693.100 703.000 712.900 722.800 732.700 742.600 752.500 762.400 772.300 782.200 792.100 802.000 811.900 821.800 831.700 -9999.900 851.500 861.400 871.300 881.200 891.100 901.000 910.900 920.800 930.700 940.600 950.500 960.400 970.300 980.200 990.100 1000.000 1009.900 1019.800 1029.700 1039.600 1049.500 1059.400 1069.300 1079.200
604.000 613.900 623.800 633.700 643.600 653.500 663.400 673.300 683.200 693.100 703.000 712.900 722.800 732.700 742.600 752.500 762.400 772.300 782.200 792.100 802.000 811.900 821.800 831.700 841.600 -9999.900 861.400 871.300 881.200 891.100 901.000 910.900 920.800 930.700 940.600 950.500 960.400 970.300 980.200 990.100 1000.000 1009.900 1019.800 1029.700 1039.600 1049.500 1059.400 1069.300 1079.200 1089.100
613.900 623.800 633.700 643.600 653.500 663.400 673.300 683.200 693.100 703.000 712.900 722.800 732.700 742.600 752.500 762.400 772.300 782.200 792.100 802.000 811.900 821.800 831.700 841.600 851.500 -9999.900 871.300 881.200 891.100 901.000 910.900 920.800 930.700 940.600 950.500 960.400 970.300 980.200 990.100 1000.000 1009.900 1019.800 1029.700 1039.600 1049.500 1059.400 1069.300 1079.200 1089.100 1099.000
623.800 633.700 643.600 653.500 663.400 673.300 683.200 693.100 703.000 712.900 722.800 732.700 742.600 752.500 762.400 772.300 782.200 792.100 802.000 811.900 821.800 831.700 841.600 851.500 861.400 -9999.900 881.200 891.100 901.000 910.900 920.800 930.700 940.600 950.500 960.400 970.300 980.200 990.100 1000.000 1009.900 1019.800 1029.700 1039.600 1049.500 1059.400 1069.300 1079.200 1089.100 1099.000 1108.900
633.700 643.600 653.500 663.400 673.300 683.200 693.100 703.000 712.900 722.800 732.700 742.600 752.500 762.400 772.300 782.200 792.100 802.000 811.900 821.800 831.700 841.600 851.500 861.400 871.300 -9999.900 891.100 901.000 910.900 920.800 930.700 940.600 950.500 960.400 970.300 980.200 990.100 1000.000 1009.900 1019.800 1029.700 1039.600 1049.500 1059.400 1069.300 1079.200 1089.100 1099.000 1108.900 1118.800
643.600 653.500 663.400 673.300 683.200 693.100 703.000 712.900 722.800 732.700 742.600 752.500 762.400 772.300 782.200 792.100 802.000 811.900 821.800 831.700 841.600 851.500 861.400 871.300 881.200 -9999.900 901.000 910.900 920.800 930.700 940.600 950.500 960.400 970.300 980.200 990.100 1000.000 1009.900 1019.800 1029.700 1039.600 1049.500 1059.400 1069.300 1079.200 1089.100 1099.000 1108.900 1118.800 1128.700
653.500 663.400 673.300 683.200 693.100 703.000 712.900 722.800 732.700 742.600 752.500 762.400 772.300 782.200 792.100 802.000 811.900 821.800 831.700 841.600 851.500 861.400 871.300 881.200 891.100 -9999.900 910.900 920.800 930.700 940.600 950.500 960.400 970.300 980.200 990.100 1000.000 1009.900 1019.800 1029.700 1039.600 1049.500 1059.400 1069.300 1079.200 1089.100 1099.000 1108.900 1118.800 1128.700 1138.600
663.400 673.300 683.200 693.100 703.000 712.900 722.800 732.700 742.600 752.500 762.400 772.300 782.200 792.100 802.000 811.900 821.800 831.700 841.600 851.500 861.400 871.300 881.200 891.100 901.000 -9999.900 920.800 930.700 940.600 950.500 960.400 970.300 980.200 990.100 1000.000 1009.900 1019.800 1029.700 1039.600 1049.500 1059.400 1069.300 1079.200 1089.100 1099.000 1108.900 1118.800 1128.700 1138.600 1148.500
673.300 683.200 693.100 703.000 712.900 722.800 732.700 742.600 752.500 762.400 772.300 782.200 792.100 802.000 811.900 821.800 831.700 841.600 851.500 861.400 871.300 881.200 891.100 901.000 910.900 -9999.900 930.700 940.600 950.500 960.400 970.300 980.200 990.100 1000.000 1009.900 1019.800 1029.700 1039.600 1049.500 1059.400 1069.300 1079.200 1089.100 1099.000 1108.900 1118.800 1128.700 1138.600 1148.500 1158.400
683.200 693.100 703.000 712.900 722.800 732.700 742.600 752.500 762.400 772.300 782.200 792.100 802.000 811.900 821.800 831.700 841.600 851.500 861.400 871.300 881.200 891.100 901.000 910.900 920.800 -9999.900 940.600 950.500 960.400 970.300 980.200 990.100 1000.000 1009.900 1019.800 1029.700 1039.600 1049.500 1059.400 1069.300 1079.200 1089.100 1099.000 1108.900 1118.800 1128.700 1138.600 1148.500 1158.400 1168.300
693.100 703.000 712.900 722.800 732.700 742.600 752.500 762.400 772.300 782.200 792.100 802.000 811.900 821.800 831.700 841.600 851.500 861.400 871.300 881.200 891.100 901.000 910.900 920.800 930.700 -9999.900 950.500 960.400 970.300 980.200 990.100 1000.000 1009.900 1019.800 1029.700 1039.600 1049.500 1059.400 1069.300 1079.200 1089.100 1099.000 1108.900 1118.800 1128.700 1138.600 1148.500 1158.400 1168.300 1178.200
703.000 712.900 722.800 732.700 742.600 752.500 762.400 772.300 782.200 792.100 802.000 811.900 821.800 831.700 841.600 851.500 861.400 871.300 881.200 891.100 901.000 910.900 920.800 930.700 940.600 -9999.900 960.400 970.300 980.200 990.100 1000.000 1009.900 1019.800 1029.700 1039.600 1049.500 1059.400 1069.300 1079.200 1089.100 1099.000 1108.900 1118.800 1128.700 1138.600 1148.500 1158.400 1168.300 1178.200 1188.100
712.900 722.800 732.700 742.600 752.500 762.400 772.300 782.200 792.100 802.000 811.900 821.800 831.700 841.600 851.500 861.400 871.300 881.200 891.100 901.000 910.900 920.800 930.700 940.600 950.500 -9999.900 970.300 980.200 990.100 1000.000 1009.900 1019.800 1029.700 1039.600 1049.500 1059.400 1069.300 1079.200 1089.100 1099.000 1108.900 1118.800 1128.700 1138.600 1148.500 1158.400 1168.300 1178.200 1188.100 1198.000
722.800 732.700 742.600 752.500 762.400 772.300 782.200 792.100 802.000 811.900 821.800 831.700 841.600 851.500 861.400 871.300 881.200 891.100 901.000 910.900 920.800 930.700 940.600 950.500 960.400 -9999.900 980.200 990.100 1000.000 1009.900 1019.800 1029.700 1039.600 1049.500 1059.400 1069.300 1079.200 1089.100 1099.000 1108.900 1118.800 1128.700 1138.600 1148.500 1158.400 1168.300 1178.200 1188.100 1198.000 1207.900
732.700 742.600 752.500 762.400 772.300 782.200 792.100 802.000 811.900 821.800 831.700 841.600 851.500 861.400 871.300 881.200 891.100 901.000 910.900 920.800 930.700 940.600 950.500 960.400 970.300 -9999.900 990.100 1000.000 1009.900 1019.800 1029.700 1039.600 1049.500 1059.400 1069.300 1079.200 1089.100 1099.000 1108.900 1118.800 1128.700 1138.600 1148.500 1158.400 1168.300 1178.200 1188.100 1198.000 1207.900 1217.800
742.600 752.500 762.400 772.300 782.200 792.100 802.000 811.900 821.800 831.700 841.600 851.500 861.400 871.300 881.200 891.100 901.000 910.900 920.800 930.700 940.600 950.500 960.400 970.300 980.200 -9999.900 1000.000 1009.900 1019.800 1029.700 1039.600 1049.500 1059.400 1069.300 1079.200 1089.100 1099.000 1108.900 1118.800 1128.700 1138.600 1148.500 1158.400 1168.300 1178.200 1188.100 1198.000 1207.900 1217.800 1227.700
