data/example_raster_w_to_e.asc
ncols 	 50 
nrows 	 80 
xllcorner 	 0.0 
yllcorner 	 0.0 
cellsize 	 2.0 
NODATA_value 	 -9999.9 
[rows 0 to 40 of 80, columns 0 to 49 of 50]
0.100 10.000 19.900 29.800 39.700 49.600 59.500 69.400 79.300 89.200 99.100 109.000 118.900 128.800 138.700 148.600 158.500 168.400 178.300 188.200 198.100 208.000 217.900 227.800 237.700 247.600 257.500 267.400 277.300 287.200 297.100 307.000 316.900 326.800 336.700 346.600 356.500 366.400 376.300 386.200 396.100 406.000 415.900 425.800 435.700 445.600 455.500 465.400 475.300 485.200
0.100 10.000 19.900 29.800 39.700 49.600 59.500 69.400 79.300 89.200 99.100 109.000 118.900 128.800 138.700 148.600 158.500 168.400 178.300 188.200 198.100 208.000 217.900 227.800 237.700 247.600 257.500 267.400 277.300 287.200 297.100 307.000 316.900 326.800 336.700 346.600 356.500 366.400 376.300 386.200 396.100 406.000 415.900 425.800 435.700 445.600 455.500 465.400 475.300 485.200
0.100 10.000 19.900 29.800 39.700 49.600 59.500 69.400 79.300 89.200 99.100 109.000 118.900 128.800 138.700 148.600 158.500 168.400 178.300 188.200 198.100 208.000 217.900 227.800 237.700 247.600 257.500 267.400 277.300 287.200 297.100 307.000 316.900 326.800 336.700 346.600 356.500 366.400 376.300 386.200 396.100 406.000 415.900 425.800 435.700 445.600 455.500 465.400 475.300 485.200
0.100 10.000 19.900 29.800 39.700 49.600 59.500 69.400 79.300 89.200 99.100 109.000 118.900 128.800 138.700 148.600 158.500 168.400 178.300 188.200 198.100 208.000 217.900 227.800 237.700 247.600 257.500 267.400 277.300 287.200 297.100 307.000 316.900 326.800 336.700 346.600 356.500 366.400 376.300 386.200 396.100 406.000 415.900 425.800 435.700 445.600 455.500 465.400 475.300 485.200
0.100 10.000 19.900 29.800 39.700 49.600 59.500 69.400 79.300 89.200 99.100 109.000 118.900 128.800 138.700 148.600 158.500 168.400 178.300 188.200 198.100 208.000 217.900 227.800 237.700 247.600 257.500 267.400 277.300 287.200 297.100 307.000 316.900 326.800 336.700 346.600 356.500 366.400 376.300 386.200 396.100 406.000 415.900 425.800 435.700 445.600 455.500 465.400 475.300 485.200
0.100 10.000 19.900 29.800 39.700 49.600 59.500 69.400 79.300 89.200 99.100 109.000 118.900 128.800 138.700 148.600 158.500 168.400 178.300 188.200 198.100 208.000 217.900 227.800 237.700 247.600 257.500 267.400 277.300 287.200 297.100 307.000 316.900 326.800 336.700 346.600 356.500 366.400 376.300 386.200 396.100 406.000 415.900 425.800 435.700 445.600 455.500 465.400 475.300 485.200
0.100 10.000 19.900 29.800 39.700 49.600 59.500 69.400 79.300 89.200 99.100 109.000 118.900 128.800 138.700 148.600 158.500 168.400 178.300 188.200 198.100 208.000 217.900 227.800 237.700 247.600 257.500 267.400 277.300 287.200 297.100 307.000 316.900 326.800 336.700 346.600 356.500 366.400 376.300 386.200 396.100 406.000 415.900 425.800 435.700 445.600 455.500 465.400 475.300 485.200
0.100 10.000 19.900 29.800 39.700 49.600 59.500 69.400 79.300 89.200 99.100 109.000 118.900 128.800 138.700 148.600 158.500 168.400 178.300 188.200 198.100 208.000 217.900 227.800 237.700 247.600 257.500 267.400 277.300 287.200 297.100 307.000 316.900 326.800 336.700 346.600 356.500 366.400 376.300 386.200 396.100 406.000 415.900 425.800 435.700 445.600 455.500 465.400 475.300 485.200
0.100 10.000 19.900 29.800 39.700 49.600 59.500 69.400 79.300 89.200 99.100 109.000 118.900 128.800 138.700 148.600 158.500 168.400 178.300 188.200 198.100 208.000 217.900 227.800 237.700 247.600 257.500 267.400 277.300 287.200 297.100 307.000 316.900 326.800 336.700 346.600 356.500 366.400 376.300 386.200 396.100 406.000 415.900 425.800 435.700 445.600 455.500 465.400 475.300 485.200
0.100 10.000 19.900 29.800 39.700 49.600 59.500 69.400 79.300 89.200 99.100 109.000 118.900 128.800 138.700 148.600 158.500 168.400 178.300 188.200 198.100 208.000 217.900 227.800 237.700 247.600 257.500 267.400 277.300 287.200 297.100 307.000 316.900 326.800 336.700 346.600 356.500 366.400 376.300 386.200 396.100 406.000 415.900 425.800 435.700 445.600 455.500 465.400 475.300 485.200
0.100 10.000 19.900 29.800 39.700 49.600 59.500 69.400 79.300 89.200 99.100 109.000 118.900 128.800 138.700 148.600 158.500 168.400 178.300 188.200 198.100 208.000 217.900 227.800 237.700 247.600 257.500 267.400 277.300 287.200 297.100 307.000 316.900 326.800 336.700 346.600 356.500 366.400 376.300 386.200 396.100 406.000 415.900 425.800 435.700 445.600 455.500 465.400 475.300 485.200
0.100 10.000 19.900 29.800 39.700 49.600 59.500 69.400 79.300 89.200 99.100 109.000 118.900 128.800 138.700 148.600 158.500 168.400 178.300 188.200 198.100 208.000 217.900 227.800 237.700 247.600 257.500 267.400 277.300 287.200 297.100 307.000 316.900 326.800 336.700 346.600 356.500 366.400 376.300 386.200 396.100 406.000 415.900 425.800 435.700 445.600 455.500 465.400 475.300 485.200
0.100 10.000 19.900 29.800 39.700 49.600 59.500 69.400 79.300 89.200 99.100 109.000 118.900 128.800 138.700 148.600 158.500 168.400 178.300 188.200 198.100 208.000 217.900 227.800 237.700 247.600 257.500 267.400 277.300 287.200 297.100 307.000 316.900 326.800 336.700 346.600 356.500 366.400 376.300 386.200 396.100 406.000 415.900 425.800 435.700 445.600 455.500 465.400 475.300 485.200
0.100 10.000 19.900 29.800 39.700 49.600 59.500 69.400 79.300 89.200 99.100 109.000 118.900 128.800 138.700 148.600 158.500 168.400 178.300 188.200 198.100 208.000 217.900 227.800 237.700 247.600 257.500 267.400 277.300 287.200 297.100 307.000 316.900 326.800 336.700 346.600 356.500 366.400 376.300 386.200 396.100 406.000 415.900 425.800 435.700 445.600 455.500 465.400 475.300 485.200
0.100 10.000 19.900 29.800 39.700 49.600 59.500 69.400 79.300 89.200 99.100 109.000 118.900 128.800 138.700 148.600 158.500 168.400 178.300 188.200 198.100 208.000 217.900 227.800 237.700 247.600 257.500 267.400 277.300 287.200 297.100 307.000 316.900 326.800 336.700 346.600 356.500 366.400 376.300 386.200 396.100 406.000 415.900 425.800 435.700 445.600 455.500 465.400 475.300 485.200
0.100 10.000 19.900 29.800 39.700 49.600 59.500 69.400 79.300 89.200 99.100 109.000 118.900 128.800 138.700 148.600 158.500 168.400 178.300 188.200 198.100 208.000 217.900 227.800 237.700 247.600 257.500 267.400 277.300 287.200 297.100 307.000 316.900 326.800 336.700 346.600 356.500 366.400 376.300 386.200 396.100 406.000 415.900 425.800 435.700 445.600 455.500 465.400 475.300 485.200
0.100 10.000 19.900 29.800 39.700 49.600 59.500 69.400 79.300 89.200 99.100 109.000 118.900 128.800 138.700 148.600 158.500 168.400 178.300 188.200 198.100 208.000 217.900 227.800 237.700 247.600 257.500 267.400 277.300 287.200 297.100 307.000 316.900 326.800 336.700 346.600 356.500 366.400 376.300 386.200 396.100 406.000 415.900 425.800 435.700 445.600 455.500 465.400 475.300 485.200
0.100 10.000 19.900 29.800 39.700 49.600 59.500 69.400 79.300 89.200 99.100 109.000 118.900 128.800 138.700 148.600 158.500 168.400 178.300 188.200 198.100 208.000 217.900 227.800 237.700 247.600 257.500 267.400 277.300 287.200 297.100 307.000 316.900 326.800 336.700 346.600 356.500 366.400 376.300 386.200 396.100 406.000 415.900 425.800 435.700 445.600 455.500 465.400 475.300 485.200
0.100 10.000 19.900 29.800 39.700 49.600 59.500 69.400 79.300 89.200 99.100 109.000 118.900 128.800 138.700 148.600 158.500 168.400 178.300 188.200 198.100 208.000 217.900 227.800 237.700 247.600 257.500 267.400 277.300 287.200 297.100 307.000 316.900 326.800 336.700 346.600 356.500 366.400 376.300 386.200 396.100 406.000 415.900 425.800 435.700 445.600 455.500 465.400 475.300 485.200
0.100 10.000 19.900 29.800 39.700 49.600 59.500 69.400 79.300 89.200 99.100 109.000 118.900 128.800 138.700 148.600 158.500 168.400 178.300 188.200 198.100 208.000 217.900 227.800 237.700 247.600 257.500 267.400 277.300 287.200 297.100 307.000 316.900 326.800 336.700 346.600 356.500 366.400 376.300 386.200 396.100 406.000 415.900 425.800 435.700 445.600 455.500 465.400 475.300 485.200
0.100 10.000 19.900 29.800 39.700 49.600 59.500 69.400 79.300 89.200 99.100 109.000 118.900 128.800 138.700 148.600 158.500 168.400 178.300 188.200 198.100 208.000 217.900 227.800 237.700 247.600 257.500 267.400 277.300 287.200 297.100 307.000 316.900 326.800 336.700 346.600 356.500 366.400 376.300 386.200 396.100 406.000 415.900 425.800 435.700 445.600 455.500 465.400 475.300 485.200
0.100 10.000 19.900 29.800 39.700 49.600 59.500 69.400 79.300 89.200 99.100 109.000 118.900 128.800 138.700 148.600 158.500 168.400 178.300 188.200 198.100 208.000 217.900 227.800 237.700 247.600 257.500 267.400 277.300 287.200 297.100 307.000 316.900 326.800 336.700 346.600 356.500 366.400 376.300 386.200 396.100 406.000 415.900 425.800 435.700 445.600 455.500 465.400 475.300 485.200
0.100 10.000 19.900 29.800 39.700 49.600 59.500 69.400 79.300 89.200 99.100 109.000 118.900 128.800 138.700 148.600 158.500 168.400 178.300 188.200 198.100 208.000 217.900 227.800 237.700 247.600 257.500 267.400 277.300 287.200 297.100 307.000 316.900 326.800 336.700 346.600 356.500 366.400 376.300 386.200 396.100 406.000 415.900 425.800 435.700 445.600 455.500 465.400 475.300 485.200
0.100 10.000 19.900 29.800 39.700 49.600 59.500 69.400 79.300 89.200 99.100 109.000 118.900 128.800 138.700 148.600 158.500 168.400 178.300 188.200 198.100 208.000 217.900 227.800 237.700 247.600 257.500 267.400 277.300 287.200 297.100 307.000 316.900 326.800 336.700 346.600 356.500 366.400 376.300 386.200 396.100 406.000 415.900 425.800 435.700 445.600 455.500 465.400 475.300 485.200
0.100 10.000 19.900 29.800 39.700 49.600 59.500 69.400 79.300 89.200 99.100 109.000 118.900 128.800 138.700 148.600 158.500 168.400 178.300 188.200 198.100 208.000 217.900 227.800 237.700 247.600 257.500 267.400 277.300 287.200 297.100 307.000 316.900 326.800 336.700 346.600 356.500 366.400 376.300 386.200 396.100 406.000 415.900 425.800 435.700 445.600 455.500 465.400 475.300 485.200
0.100 10.000 19.900 29.800 39.700 49.600 59.500 69.400 79.300 89.200 99.100 109.000 118.900 128.800 138.700 148.600 158.500 168.400 178.300 188.200 198.100 208.000 217.900 227.800 237.700 247.600 257.500 267.400 277.300 287.200 297.100 307.000 316.900 326.800 336.700 346.600 356.500 366.400 376.300 386.200 396.100 406.000 415.900 425.800 435.700 445.600 455.500 465.400 475.300 485.200
0.100 10.000 19.900 29.800 39.700 49.600 59.500 69.400 79.300 89.200 99.100 109.000 118.900 128.800 138.700 148.600 158.500 168.400 178.300 188.200 198.100 208.000 217.900 227.800 237.700 247.600 257.500 267.400 277.300 287.200 297.100 307.000 316.900 326.800 336.700 346.600 356.500 366.400 376.300 386.200 396.100 406.000 415.900 425.800 435.700 445.600 455.500 465.400 475.300 485.200
0.100 10.000 19.900 29.800 39.700 49.600 59.500 69.400 79.300 89.200 99.100 109.000 118.900 128.800 138.700 148.600 158.500 168.400 178.300 188.200 198.100 208.000 217.900 227.800 237.700 247.600 257.500 267.400 277.300 287.200 297.100 307.000 316.900 326.800 336.700 346.600 356.500 366.400 376.300 386.200 396.100 406.000 415.900 425.800 435.700 445.600 455.500 465.400 475.300 485.200
0.100 10.000 19.900 29.800 39.700 49.600 59.500 69.400 79.300 89.200 99.100 109.000 118.900 128.800 138.700 148.600 158.500 168.400 178.300 188.200 198.100 208.000 217.900 227.800 237.700 247.600 257.500 267.400 277.300 287.200 297.100 307.000 316.900 326.800 336.700 346.600 356.500 366.400 376.300 386.200 396.100 406.000 415.900 425.800 435.700 445.600 455.500 465.400 475.300 485.200
0.100 10.000 19.900 29.800 39.700 49.600 59.500 69.400 79.300 89.200 99.100 109.000 118.900 128.800 138.700 148.600 158.500 168.400 178.300 188.200 198.100 208.000 217.900 227.800 237.700 247.600 257.500 267.400 277.300 287.200 297.100 307.000 316.900 326.800 336.700 346.600 356.500 366.400 376.300 386.200 396.100 406.000 415.900 425.800 435.700 445.600 455.500 465.400 475.300 485.200
0.100 10.000 19.900 29.800 39.700 49.600 59.500 69.400 79.300 89.200 99.100 109.000 118.900 128.800 138.700 148.600 158.500 168.400 178.300 188.200 198.100 208.000 217.900 227.800 237.700 247.600 257.500 267.400 277.300 287.200 297.100 307.000 316.900 326.800 336.700 346.600 356.500 366.400 376.300 386.200 396.100 406.000 415.900 425.800 435.700 445.600 455.500 465.400 475.300 485.200
0.100 10.000 19.900 29.800 39.700 49.600 59.500 69.400 79.300 89.200 99.100 109.000 118.900 128.800 138.700 148.600 158.500 168.400 178.300 188.200 198.100 208.000 217.900 227.800 237.700 247.600 257.500 267.400 277.300 287.200 297.100 307.000 316.900 326.800 336.700 346.600 356.500 366.400 376.300 386.200 396.100 406.000 415.900 425.800 435.700 445.600 455.500 465.400 475.300 485.200
0.100 10.000 19.900 29.800 39.700 49.600 59.500 69.400 79.300 89.200 99.100 109.000 118.900 128.800 138.700 148.600 158.500 168.400 178.300 188.200 198.100 208.000 217.900 227.800 237.700 247.600 257.500 267.400 277.300 287.200 297.100 307.000 316.900 326.800 336.700 346.600 356.500 366.400 376.300 386.200 396.100 406.000 415.900 425.800 435.700 445.600 455.500 465.400 475.300 485.200
0.100 10.000 19.900 29.800 39.700 49.600 59.500 69.400 79.300 89.200 99.100 109.000 118.900 128.800 138.700 148.600 158.500 168.400 178.300 188.200 198.100 208.000 217.900 227.800 237.700 247.600 257.500 267.400 277.300 287.200 297.100 307.000 316.900 326.800 336.700 346.600 356.500 366.400 376.300 386.200 396.100 406.000 415.900 425.800 435.700 445.600 455.500 465.400 475.300 485.200
0.100 10.000 19.900 29.800 39.700 49.600 59.500 69.400 79.300 89.200 99.100 109.000 118.900 128.800 138.700 148.600 158.500 168.400 178.300 188.200 198.100 208.000 217.900 227.800 237.700 247.600 257.500 267.400 277.300 287.200 297.100 307.000 316.900 326.800 336.700 346.600 356.500 366.400 376.300 386.200 396.100 406.000 415.900 425.800 435.700 445.600 455.500 465.400 475.300 485.200
0.100 10.000 19.900 29.800 39.700 49.600 59.500 69.400 79.300 89.200 99.100 109.000 118.900 128.800 138.700 148.600 158.500 168.400 178.300 188.200 198.100 208.000 217.900 227.800 237.700 247.600 257.500 267.400 277.300 287.200 297.100 307.000 316.900 326.800 336.700 346.600 356.500 366.400 376.300 386.200 396.100 406.000 415.900 425.800 435.700 445.600 455.500 465.400 475.300 485.200
0.100 10.000 19.900 29.800 39.700 49.600 59.500 69.400 79.300 89.200 99.100 109.000 118.900 128.800 138.700 148.600 158.500 168.400 178.300 188.200 198.100 208.000 217.900 227.800 237.700 247.600 257.500 267.400 277.300 287.200 297.100 307.000 316.900 326.800 336.700 346.600 356.500 366.400 376.300 386.200 396.100 406.000 415.900 425.800 435.700 445.600 455.500 465.400 475.300 485.200
0.100 10.000 19.900 29.800 39.700 49.600 59.500 69.400 79.300 89.200 99.100 109.000 118.900 128.800 138.700 148.600 158.500 168.400 178.300 188.200 198.100 208.000 217.900 227.800 237.700 247.600 257.500 267.400 277.300 287.200 297.100 307.000 316.900 326.800 336.700 346.600 356.500 366.400 376.300 386.200 396.100 406.000 415.900 425.800 435.700 445.600 455.500 465.400 475.300 485.200
0.100 10.000 19.900 29.800 39.700 49.600 59.500 69.400 79.300 89.200 99.100 109.000 118.900 128.800 138.700 148.600 158.500 168.400 178.300 188.200 198.100 208.000 217.900 227.800 237.700 247.600 257.500 267.400 277.300 287.200 297.100 307.000 316.900 326.800 336.700 346.600 356.500 366.400 376.300 386.200 396.100 406.000 415.900 425.800 435.700 445.600 455.500 465.400 475.300 485.200
0.100 10.000 19.900 29.800 39.700 49.600 59.500 69.400 79.300 89.200 99.100 109.000 118.900 128.800 138.700 148.600 158.500 168.400 178.300 188.200 198.100 208.000 217.900 227.800 237.700 247.600 257.500 267.400 277.300 287.200 297.100 307.000 316.900 326.800 336.700 346.600 356.500 366.400 376.300 386.200 396.100 406.000 415.900 425.800 435.700 445.600 455.500 465.400 475.300 485.200
0.100 10.000 19.900 29.800 39.700 49.600 59.500 69.400 79.300 89.200 99.100 109.000 118.900 128.800 138.700 148.600 158.500 168.400 178.300 188.200 198.100 208.000 217.900 227.800 237.700 247.600 257.500 267.400 277.300 287.200 297.100 307.000 316.900 326.800 336.700 346.600 356.500 366.400 376.300 386.200 396.100 406.000 415.900 425.800 435.700 445.600 455.500 465.400 475.300 485.200
