data/example_raster_s_to_n.asc
ncols 	 50 
nrows 	 80 
xllcorner 	 0.0 
yllcorner 	 0.0 
cellsize 	 2.0 
NODATA_value 	 -9999.9 
[rows 35 to 69 of 80, columns 0 to 49 of 50]
-336.500 -336.500 -336.500 -336.500 -336.500 -336.500 -336.500 -336.500 -336.500 -336.500 -336.500 -336.500 -336.500 -336.500 -336.500 -336.500 -336.500 -336.500 -336.500 -336.500 -336.500 -336.500 -336.500 -336.500 -336.500 -336.500 -336.500 -336.500 -336.500 -336.500 -336.500 -336.500 -336.500 -336.500 -336.500 -336.500 -336.500 -336.500 -336.500 -336.500 -336.500 -336.500 -336.500 -336.500 -336.500 -336.500 -336.500 -336.500 -336.500 -336.500
-346.400 -346.400 -346.400 -346.400 -346.400 -346.400 -346.400 -346.400 -346.400 -346.400 -346.400 -346.400 -346.400 -346.400 -346.400 -346.400 -346.400 -346.400 -346.400 -346.400 -346.400 -346.400 -346.400 -346.400 -346.400 -346.400 -346.400 -346.400 -346.400 -346.400 -346.400 -346.400 -346.400 -346.400 -346.400 -346.400 -346.400 -346.400 -346.400 -346.400 -346.400 -346.400 -346.400 -346.400 -346.400 -346.400 -346.400 -346.400 -346.400 -346.400
-356.300 -356.300 -356.300 -356.300 -356.300 -356.300 -356.300 -356.300 -356.300 -356.300 -356.300 -356.300 -356.300 -356.300 -356.300 -356.300 -356.300 -356.300 -356.300 -356.300 -356.300 -356.300 -356.300 -356.300 -356.300 -356.300 -356.300 -356.300 -356.300 -356.300 -356.300 -356.300 -356.300 -356.300 -356.300 -356.300 -356.300 -356.300 -356.300 -356.300 -356.300 -356.300 -356.300 -356.300 -356.300 -356.300 -356.300 -356.300 -356.300 -356.300
-366.200 -366.200 -366.200 -366.200 -366.200 -366.200 -366.200 -366.200 -366.200 -366.200 -366.200 -366.200 -366.200 -366.200 -366.200 -366.200 -366.200 -366.200 -366.200 -366.200 -366.200 -366.200 -366.200 -366.200 -366.200 -366.200 -366.200 -366.200 -366.200 -366.200 -366.200 -366.200 -366.200 -366.200 -366.200 -366.200 -366.200 -366.200 -366.200 -366.200 -366.200 -366.200 -366.200 -366.200 -366.200 -366.200 -366.200 -366.200 -366.200 -366.200
-376.100 -376.100 -376.100 -376.100 -376.100 -376.100 -376.100 -376.100 -376.100 -376.100 -376.100 -376.100 -376.100 -376.100 -376.100 -376.100 -376.100 -376.100 -376.100 -376.100 -376.100 -376.100 -376.100 -376.100 -376.100 -376.100 -376.100 -376.100 -376.100 -376.100 -376.100 -376.100 -376.100 -376.100 -376.100 -376.100 -376.100 -376.100 -376.100 -376.100 -376.100 -376.100 -376.100 -376.100 -376.100 -376.100 -376.100 -376.100 -376.100 -376.100
-386.000 -386.000 -386.000 -386.000 -386.000 -386.000 -386.000 -386.000 -386.000 -386.000 -386.000 -386.000 -386.000 -386.000 -386.000 -386.000 -386.000 -386.000 -386.000 -386.000 -386.000 -386.000 -386.000 -386.000 -386.000 -386.000 -386.000 -386.000 -386.000 -386.000 -386.000 -386.000 -386.000 -386.000 -386.000 -386.000 -386.000 -386.000 -386.000 -386.000 -386.000 -386.000 -386.000 -386.000 -386.000 -386.000 -386.000 -386.000 -386.000 -386.000
-395.900 -395.900 -395.900 -395.900 -395.900 -395.900 -395.900 -395.900 -395.900 -395.900 -395.900 -395.900 -395.900 -395.900 -395.900 -395.900 -395.900 -395.900 -395.900 -395.900 -395.900 -395.900 -395.900 -395.900 -395.900 -395.900 -395.900 -395.900 -395.900 -395.900 -395.900 -395.900 -395.900 -395.900 -395.900 -395.900 -395.900 -395.900 -395.900 -395.900 -395.900 -395.900 -395.900 -395.900 -395.900 -395.900 -395.900 -395.900 -395.900 -395.900
-405.800 -405.800 -405.800 -405.800 -405.800 -405.800 -405.800 -405.800 -405.800 -405.800 -405.800 -405.800 -405.800 -405.800 -405.800 -405.800 -405.800 -405.800 -405.800 -405.800 -405.800 -405.800 -405.800 -405.800 -405.800 -405.800 -405.800 -405.800 -405.800 -405.800 -405.800 -405.800 -405.800 -405.800 -405.800 -405.800 -405.800 -405.800 -405.800 -405.800 -405.800 -405.800 -405.800 -405.800 -405.800 -405.800 -405.800 -405.800 -405.800 -405.800
-415.700 -415.700 -415.700 -415.700 -415.700 -415.700 -415.700 -415.700 -415.700 -415.700 -415.700 -415.700 -415.700 -415.700 -415.700 -415.700 -415.700 -415.700 -415.700 -415.700 -415.700 -415.700 -415.700 -415.700 -415.700 -415.700 -415.700 -415.700 -415.700 -415.700 -415.700 -415.700 -415.700 -415.700 -415.700 -415.700 -415.700 -415.700 -415.700 -415.700 -415.700 -415.700 -415.700 -415.700 -415.700 -415.700 -415.700 -415.700 -415.700 -415.700
-425.600 -425.600 -425.600 -425.600 -425.600 -425.600 -425.600 -425.600 -425.600 -425.600 -425.600 -425.600 -425.600 -425.600 -425.600 -425.600 -425.600 -425.600 -425.600 -425.600 -425.600 -425.600 -425.600 -425.600 -425.600 -425.600 -425.600 -425.600 -425.600 -425.600 -425.600 -425.600 -425.600 -425.600 -425.600 -425.600 -425.600 -425.600 -425.600 -425.600 -425.600 -425.600 -425.600 -425.600 -425.600 -425.600 -425.600 -425.600 -425.600 -425.600
-435.500 -435.500 -435.500 -435.500 -435.500 -435.500 -435.500 -435.500 -435.500 -435.500 -435.500 -435.500 -435.500 -435.500 -435.500 -435.500 -435.500 -435.500 -435.500 -435.500 -435.500 -435.500 -435.500 -435.500 -435.500 -435.500 -435.500 -435.500 -435.500 -435.500 -435.500 -435.500 -435.500 -435.500 -435.500 -435.500 -435.500 -435.500 -435.500 -435.500 -435.500 -435.500 -435.500 -435.500 -435.500 -435.500 -435.500 -435.500 -435.500 -435.500
-445.400 -445.400 -445.400 -445.400 -445.400 -445.400 -445.400 -445.400 -445.400 -445.400 -445.400 -445.400 -445.400 -445.400 -445.400 -445.400 -445.400 -445.400 -445.400 -445.400 -445.400 -445.400 -445.400 -445.400 -445.400 -445.400 -445.400 -445.400 -445.400 -445.400 -445.400 -445.400 -445.400 -445.400 -445.400 -445.400 -445.400 -445.400 -445.400 -445.400 -445.400 -445.400 -445.400 -445.400 -445.400 -445.400 -445.400 -445.400 -445.400 -445.400
-455.300 -455.300 -455.300 -455.300 -455.300 -455.300 -455.300 -455.300 -455.300 -455.300 -455.300 -455.300 -455.300 -455.300 -455.300 -455.300 -455.300 -455.300 -455.300 -455.300 -455.300 -455.300 -455.300 -455.300 -455.300 -455.300 -455.300 -455.300 -455.300 -455.300 -455.300 -455.300 -455.300 -455.300 -455.300 -455.300 -455.300 -455.300 -455.300 -455.300 -455.300 -455.300 -455.300 -455.300 -455.300 -455.300 -455.300 -455.300 -455.300 -455.300
-465.200 -465.200 -465.200 -465.200 -465.200 -465.200 -465.200 -465.200 -465.200 -465.200 -465.200 -465.200 -465.200 -465.200 -465.200 -465.200 -465.200 -465.200 -465.200 -465.200 -465.200 -465.200 -465.200 -465.200 -465.200 -465.200 -465.200 -465.200 -465.200 -465.200 -465.200 -465.200 -465.200 -465.200 -465.200 -465.200 -465.200 -465.200 -465.200 -465.200 -465.200 -465.200 -465.200 -465.200 -465.200 -465.200 -465.200 -465.200 -465.200 -465.200
-475.100 -475.100 -475.100 -475.100 -475.100 -475.100 -475.100 -475.100 -475.100 -475.100 -475.100 -475.100 -475.100 -475.100 -475.100 -475.100 -475.100 -475.100 -475.100 -475.100 -475.100 -475.100 -475.100 -475.100 -475.100 -475.100 -475.100 -475.100 -475.100 -475.100 -475.100 -475.100 -475.100 -475.100 -475.100 -475.100 -475.100 -475.100 -475.100 -475.100 -475.100 -475.100 -475.100 -475.100 -475.100 -475.100 -475.100 -475.100 -475.100 -475.100
-485.000 -485.000 -485.000 -485.000 -485.000 -485.000 -485.000 -485.000 -485.000 -485.000 -485.000 -485.000 -485.000 -485.000 -485.000 -485.000 -485.000 -485.000 -485.000 -485.000 -485.000 -485.000 -485.000 -485.000 -485.000 -485.000 -485.000 -485.000 -485.000 -485.000 -485.000 -485.000 -485.000 -485.000 -485.000 -485.000 -485.000 -485.000 -485.000 -485.000 -485.000 -485.000 -485.000 -485.000 -485.000 -485.000 -485.000 -485.000 -485.000 -485.000
-494.900 -494.900 -494.900 -494.900 -494.900 -494.900 -494.900 -494.900 -494.900 -494.900 -494.900 -494.900 -494.900 -494.900 -494.900 -494.900 -494.900 -494.900 -494.900 -494.900 -494.900 -494.900 -494.900 -494.900 -494.900 -494.900 -494.900 -494.900 -494.900 -494.900 -494.900 -494.900 -494.900 -494.900 -494.900 -494.900 -494.900 -494.900 -494.900 -494.900 -494.900 -494.900 -494.900 -494.900 -494.900 -494.900 -494.900 -494.900 -494.900 -494.900
-504.800 -504.800 -504.800 -504.800 -504.800 -504.800 -504.800 -504.800 -504.800 -504.800 -504.800 -504.800 -504.800 -504.800 -504.800 -504.800 -504.800 -504.800 -504.800 -504.800 -504.800 -504.800 -504.800 -504.800 -504.800 -504.800 -504.800 -504.800 -504.800 -504.800 -504.800 -504.800 -504.800 -504.800 -504.800 -504.800 -504.800 -504.800 -504.800 -504.800 -504.800 -504.800 -504.800 -504.800 -504.800 -504.800 -504.800 -504.800 -504.800 -504.800
-514.700 -514.700 -514.700 -514.700 -514.700 -514.700 -514.700 -514.700 -514.700 -514.700 -514.700 -514.700 -514.700 -514.700 -514.700 -514.700 -514.700 -514.700 -514.700 -514.700 -514.700 -514.700 -514.700 -514.700 -514.700 -514.700 -514.700 -514.700 -514.700 -514.700 -514.700 -514.700 -514.700 -514.700 -514.700 -514.700 -514.700 -514.700 -514.700 -514.700 -514.700 -514.700 -514.700 -514.700 -514.700 -514.700 -514.700 -514.700 -514.700 -514.700
-524.600 -524.600 -524.600 -524.600 -524.600 -524.600 -524.600 -524.600 -524.600 -524.600 -524.600 -524.600 -524.600 -524.600 -524.600 -524.600 -524.600 -524.600 -524.600 -524.600 -524.600 -524.600 -524.600 -524.600 -524.600 -524.600 -524.600 -524.600 -524.600 -524.600 -524.600 -524.600 -524.600 -524.600 -524.600 -524.600 -524.600 -524.600 -524.600 -524.600 -524.600 -524.600 -524.600 -524.600 -524.600 -524.600 -524.600 -524.600 -524.600 -524.600
-534.500 -534.500 -534.500 -534.500 -534.500 -534.500 -534.500 -534.500 -534.500 -534.500 -534.500 -534.500 -534.500 -534.500 -534.500 -534.500 -534.500 -534.500 -534.500 -534.500 -534.500 -534.500 -534.500 -534.500 -534.500 -534.500 -534.500 -534.500 -534.500 -534.500 -534.500 -534.500 -534.500 -534.500 -534.500 -534.500 -534.500 -534.500 -534.500 -534.500 -534.500 -534.500 -534.500 -534.500 -534.500 -534.500 -534.500 -534.500 -534.500 -534.500
-544.400 -544.400 -544.400 -544.400 -544.400 -544.400 -544.400 -544.400 -544.400 -544.400 -544.400 -544.400 -544.400 -544.400 -544.400 -544.400 -544.400 -544.400 -544.400 -544.400 -544.400 -544.400 -544.400 -544.400 -544.400 -544.400 -544.400 -544.400 -544.400 -544.400 -544.400 -544.400 -544.400 -544.400 -544.400 -544.400 -544.400 -544.400 -544.400 -544.400 -544.400 -544.400 -544.400 -544.400 -544.400 -544.400 -544.400 -544.400 -544.400 -544.400
-554.300 -554.300 -554.300 -554.300 -554.300 -554.300 -554.300 -554.300 -554.300 -554.300 -554.300 -554.300 -554.300 -554.300 -554.300 -554.300 -554.300 -554.300 -554.300 -554.300 -554.300 -554.300 -554.300 -554.300 -554.300 -554.300 -554.300 -554.300 -554.300 -554.300 -554.300 -554.300 -554.300 -554.300 -554.300 -554.300 -554.300 -554.300 -554.300 -554.300 -554.300 -554.300 -554.300 -554.300 -554.300 -554.300 -554.300 -554.300 -554.300 -554.300
-564.200 -564.200 -564.200 -564.200 -564.200 -564.200 -564.200 -564.200 -564.200 -564.200 -564.200 -564.200 -564.200 -564.200 -564.200 -564.200 -564.200 -564.200 -564.200 -564.200 -564.200 -564.200 -564.200 -564.200 -564.200 -564.200 -564.200 -564.200 -564.200 -564.200 -564.200 -564.200 -564.200 -564.200 -564.200 -564.200 -564.200 -564.200 -564.200 -564.200 -564.200 -564.200 -564.200 -564.200 -564.200 -564.200 -564.200 -564.200 -564.200 -564.200
-574.100 -574.100 -574.100 -574.100 -574.100 -574.100 -574.100 -574.100 -574.100 -574.100 -574.100 -574.100 -574.100 -574.100 -574.100 -574.100 -574.100 -574.100 -574.100 -574.100 -574.100 -574.100 -574.100 -574.100 -574.100 -574.100 -574.100 -574.100 -574.100 -574.100 -574.100 -574.100 -574.100 -574.100 -574.100 -574.100 -574.100 -574.100 -574.100 -574.100 -574.100 -574.100 -574.100 -574.100 -574.100 -574.100 -574.100 -574.100 -574.100 -574.100
-584.000 -584.000 -584.000 -584.000 -584.000 -584.000 -584.000 -584.000 -584.000 -584.000 -584.000 -584.000 -584.000 -584.000 -584.000 -584.000 -584.000 -584.000 -584.000 -584.000 -584.000 -584.000 -584.000 -584.000 -584.000 -584.000 -584.000 -584.000 -584.000 -584.000 -584.000 -584.000 -584.000 -584.000 -584.000 -584.000 -584.000 -584.000 -584.000 -584.000 -584.000 -584.000 -584.000 -584.000 -584.000 -584.000 -584.000 -584.000 -584.000 -584.000
-593.900 -593.900 -593.900 -593.900 -593.900 -593.900 -593.900 -593.900 -593.900 -593.900 -593.900 -593.900 -593.900 -593.900 -593.900 -593.900 -593.900 -593.900 -593.900 -593.900 -593.900 -593.900 -593.900 -593.900 -593.900 -593.900 -593.900 -593.900 -593.900 -593.900 -593.900 -593.900 -593.900 -593.900 -593.900 -593.900 -593.900 -593.900 -593.900 -593.900 -593.900 -593.900 -593.900 -593.900 -593.900 -593.900 -593.900 -593.900 -593.900 -593.900
-603.800 -603.800 -603.800 -603.800 -603.800 -603.800 -603.800 -603.800 -603.800 -603.800 -603.800 -603.800 -603.800 -603.800 -603.800 -603.800 -603.800 -603.800 -603.800 -603.800 -603.800 -603.800 -603.800 -603.800 -603.800 -603.800 -603.800 -603.800 -603.800 -603.800 -603.800 -603.800 -603.800 -603.800 -603.800 -603.800 -603.800 -603.800 -603.800 -603.800 -603.800 -603.800 -603.800 -603.800 -603.800 -603.800 -603.800 -603.800 -603.800 -603.800
-613.700 -613.700 -613.700 -613.700 -613.700 -613.700 -613.700 -613.700 -613.700 -613.700 -613.700 -613.700 -613.700 -613.700 -613.700 -613.700 -613.700 -613.700 -613.700 -613.700 -613.700 -613.700 -613.700 -613.700 -613.700 -613.700 -613.700 -613.700 -613.700 -613.700 -613.700 -613.700 -613.700 -613.700 -613.700 -613.700 -613.700 -613.700 -613.700 -613.700 -613.700 -613.700 -613.700 -613.700 -613.700 -613.700 -613.700 -613.700 -613.700 -613.700
-623.600 -623.600 -623.600 -623.600 -623.600 -623.600 -623.600 -623.600 -623.600 -623.600 -623.600 -623.600 -623.600 -623.600 -623.600 -623.600 -623.600 -623.600 -623.600 -623.600 -623.600 -623.600 -623.600 -623.600 -623.600 -623.600 -623.600 -623.600 -623.600 -623.600 -623.600 -623.600 -623.600 -623.600 -623.600 -623.600 -623.600 -623.600 -623.600 -623.600 -623.600 -623.600 -623.600 -623.600 -623.600 -623.600 -623.600 -623.600 -623.600 -623.600
-633.500 -633.500 -633.500 -633.500 -633.500 -633.500 -633.500 -633.500 -633.500 -633.500 -633.500 -633.500 -633.500 -633.500 -633.500 -633.500 -633.500 -633.500 -633.500 -633.500 -633.500 -633.500 -633.500 -633.500 -633.500 -633.500 -633.500 -633.500 -633.500 -633.500 -633.500 -633.500 -633.500 -633.500 -633.500 -633.500 -633.500 -633.500 -633.500 -633.500 -633.500 -633.500 -633.500 -633.500 -633.500 -633.500 -633.500 -633.500 -633.500 -633.500
-643.400 -643.400 -643.400 -643.400 -643.400 -643.400 -643.400 -643.400 -643.400 -643.400 -643.400 -643.400 -643.400 -643.400 -643.400 -643.400 -643.400 -643.400 -643.400 -643.400 -643.400 -643.400 -643.400 -643.400 -643.400 -643.400 -643.400 -643.400 -643.400 -643.400 -643.400 -643.400 -643.400 -643.400 -643.400 -643.400 -643.400 -643.400 -643.400 -643.400 -643.400 -643.400 -643.400 -643.400 -643.400 -643.400 -643.400 -643.400 -643.400 -643.400
-653.300 -653.300 -653.300 -653.300 -653.300 -653.300 -653.300 -653.300 -653.300 -653.300 -653.300 -653.300 -653.300 -653.300 -653.300 -653.300 -653.300 -653.300 -653.300 -653.300 -653.300 -653.300 -653.300 -653.300 -653.300 -653.300 -653.300 -653.300 -653.300 -653.300 -653.300 -653.300 -653.300 -653.300 -653.300 -653.300 -653.300 -653.300 -653.300 -653.300 -653.300 -653.300 -653.300 -653.300 -653.300 -653.300 -653.300 -653.300 -653.300 -653.300
-663.200 -663.200 -663.200 -663.200 -663.200 -663.200 -663.200 -663.200 -663.200 -663.200 -663.200 -663.200 -663.200 -663.200 -663.200 -663.200 -663.200 -663.200 -663.200 -663.200 -663.200 -663.200 -663.200 -663.200 -663.200 -663.200 -663.200 -663.200 -663.200 -663.200 -663.200 -663.200 -663.200 -663.200 -663.200 -663.200 -663.200 -663.200 -663.200 -663.200 -663.200 -663.200 -663.200 -663.200 -663.200 -663.200 -663.200 -663.200 -663.200 -663.200
-673.100 -673.100 -673.100 -673.100 -673.100 -673.100 -673.100 -673.100 -673.100 -673.100 -673.100 -673.100 -673.100 -673.100 -673.100 -673.100 -673.100 -673.100 -673.100 -673.100 -673.100 -673.100 -673.100 -673.100 -673.100 -673.100 -673.100 -673.100 -673.100 -673.100 -673.100 -673.100 -673.100 -673.100 -673.100 -673.100 -673.100 -673.100 -673.100 -673.100 -673.100 -673.100 -673.100 -673.100 -673.100 -673.100 -673.100 -673.100 -673.100 -673.100
