data/example_raster_s_to_n.asc
ncols 	 50 
nrows 	 80 
xllcorner 	 0.0 
yllcorner 	 0.0 
cellsize 	 2.0 
NODATA_value 	 -9999.9 
[rows 0 to 34 of 80, columns 0 to 49 of 50]
10.000 10.000 10.000 10.000 10.000 10.000 10.000 10.000 10.000 10.000 10.000 10.000 10.000 10.000 10.000 10.000 10.000 10.000 10.000 10.000 10.000 10.000 10.000 10.000 10.000 10.000 10.000 10.000 10.000 10.000 10.000 10.000 10.000 10.000 10.000 10.000 10.000 10.000 10.000 10.000 10.000 10.000 10.000 10.000 10.000 10.000 10.000 10.000 10.000 10.000
0.100 0.100 0.100 0.100 0.100 0.100 0.100 0.100 0.100 0.100 0.100 0.100 0.100 0.100 0.100 0.100 0.100 0.100 0.100 0.100 0.100 0.100 0.100 0.100 0.100 0.100 0.100 0.100 0.100 0.100 0.100 0.100 0.100 0.100 0.100 0.100 0.100 0.100 0.100 0.100 0.100 0.100 0.100 0.100 0.100 0.100 0.100 0.100 0.100 0.100
-9.800 -9.800 -9.800 -9.800 -9.800 -9.800 -9.800 -9.800 -9.800 -9.800 -9.800 -9.800 -9.800 -9.800 -9.800 -9.800 -9.800 -9.800 -9.800 -9.800 -9.800 -9.800 -9.800 -9.800 -9.800 -9.800 -9.800 -9.800 -9.800 -9.800 -9.800 -9.800 -9.800 -9.800 -9.800 -9.800 -9.800 -9.800 -9.800 -9.800 -9.800 -9.800 -9.800 -9.800 -9.800 -9.800 -9.800 -9.800 -9.800 -9.800
-19.700 -19.700 -19.700 -19.700 -19.700 -19.700 -19.700 -19.700 -19.700 -19.700 -19.700 -19.700 -19.700 -19.700 -19.700 -19.700 -19.700 -19.700 -19.700 -19.700 -19.700 -19.700 -19.700 -19.700 -19.700 -19.700 -19.700 -19.700 -19.700 -19.700 -19.700 -19.700 -19.700 -19.700 -19.700 -19.700 -19.700 -19.700 -19.700 -19.700 -19.700 -19.700 -19.700 -19.700 -19.700 -19.700 -19.700 -19.700 -19.700 -19.700
-29.600 -29.600 -29.600 -29.600 -29.600 -29.600 -29.600 -29.600 -29.600 -29.600 -29.600 -29.600 -29.600 -29.600 -29.600 -29.600 -29.600 -29.600 -29.600 -29.600 -29.600 -29.600 -29.600 -29.600 -29.600 -29.600 -29.600 -29.600 -29.600 -29.600 -29.600 -29.600 -29.600 -29.600 -29.600 -29.600 -29.600 -29.600 -29.600 -29.600 -29.600 -29.600 -29.600 -29.600 -29.600 -29.600 -29.600 -29.600 -29.600 -29.600
-39.500 -39.500 -39.500 -39.500 -39.500 -39.500 -39.500 -39.500 -39.500 -39.500 -39.500 -39.500 -39.500 -39.500 -39.500 -39.500 -39.500 -39.500 -39.500 -39.500 -39.500 -39.500 -39.500 -39.500 -39.500 -39.500 -39.500 -39.500 -39.500 -39.500 -39.500 -39.500 -39.500 -39.500 -39.500 -39.500 -39.500 -39.500 -39.500 -39.500 -39.500 -39.500 -39.500 -39.500 -39.500 -39.500 -39.500 -39.500 -39.500 -39.500
-49.400 -49.400 -49.400 -49.400 -49.400 -49.400 -49.400 -49.400 -49.400 -49.400 -49.400 -49.400 -49.400 -49.400 -49.400 -49.400 -49.400 -49.400 -49.400 -49.400 -49.400 -49.400 -49.400 -49.400 -49.400 -49.400 -49.400 -49.400 -49.400 -49.400 -49.400 -49.400 -49.400 -49.400 -49.400 -49.400 -49.400 -49.400 -49.400 -49.400 -49.400 -49.400 -49.400 -49.400 -49.400 -49.400 -49.400 -49.400 -49.400 -49.400
-59.300 -59.300 -59.300 -59.300 -59.300 -59.300 -59.300 -59.300 -59.300 -59.300 -59.300 -59.300 -59.300 -59.300 -59.300 -59.300 -59.300 -59.300 -59.300 -59.300 -59.300 -59.300 -59.300 -59.300 -59.300 -59.300 -59.300 -59.300 -59.300 -59.300 -59.300 -59.300 -59.300 -59.300 -59.300 -59.300 -59.300 -59.300 -59.300 -59.300 -59.300 -59.300 -59.300 -59.300 -59.300 -59.300 -59.300 -59.300 -59.300 -59.300
-69.200 -69.200 -69.200 -69.200 -69.200 -69.200 -69.200 -69.200 -69.200 -69.200 -69.200 -69.200 -69.200 -69.200 -69.200 -69.200 -69.200 -69.200 -69.200 -69.200 -69.200 -69.200 -69.200 -69.200 -69.200 -69.200 -69.200 -69.200 -69.200 -69.200 -69.200 -69.200 -69.200 -69.200 -69.200 -69.200 -69.200 -69.200 -69.200 -69.200 -69.200 -69.200 -69.200 -69.200 -69.200 -69.200 -69.200 -69.200 -69.200 -69.200
-79.100 -79.100 -79.100 -79.100 -79.100 -79.100 -79.100 -79.100 -79.100 -79.100 -79.100 -79.100 -79.100 -79.100 -79.100 -79.100 -79.100 -79.100 -79.100 -79.100 -79.100 -79.100 -79.100 -79.100 -79.100 -79.100 -79.100 -79.100 -79.100 -79.100 -79.100 -79.100 -79.100 -79.100 -79.100 -79.100 -79.100 -79.100 -79.100 -79.100 -79.100 -79.100 -79.100 -79.100 -79.100 -79.100 -79.100 -79.100 -79.100 -79.100
-89.000 -89.000 -89.000 -89.000 -89.000 -89.000 -89.000 -89.000 -89.000 -89.000 -89.000 -89.000 -89.000 -89.000 -89.000 -89.000 -89.000 -89.000 -89.000 -89.000 -89.000 -89.000 -89.000 -89.000 -89.000 -89.000 -89.000 -89.000 -89.000 -89.000 -89.000 -89.000 -89.000 -89.000 -89.000 -89.000 -89.000 -89.000 -89.000 -89.000 -89.000 -89.000 -89.000 -89.000 -89.000 -89.000 -89.000 -89.000 -89.000 -89.000
-98.900 -98.900 -98.900 -98.900 -98.900 -98.900 -98.900 -98.900 -98.900 -98.900 -98.900 -98.900 -98.900 -98.900 -98.900 -98.900 -98.900 -98.900 -98.900 -98.900 -98.900 -98.900 -98.900 -98.900 -98.900 -98.900 -98.900 -98.900 -98.900 -98.900 -98.900 -98.900 -98.900 -98.900 -98.900 -98.900 -98.900 -98.900 -98.900 -98.900 -98.900 -98.900 -98.900 -98.900 -98.900 -98.900 -98.900 -98.900 -98.900 -98.900
-108.800 -108.800 -108.800 -108.800 -108.800 -108.800 -108.800 -108.800 -108.800 -108.800 -108.800 -108.800 -108.800 -108.800 -108.800 -108.800 -108.800 -108.800 -108.800 -108.800 -108.800 -108.800 -108.800 -108.800 -108.800 -108.800 -108.800 -108.800 -108.800 -108.800 -108.800 -108.800 -108.800 -108.800 -108.800 -108.800 -108.800 -108.800 -108.800 -108.800 -108.800 -108.800 -108.800 -108.800 -108.800 -108.800 -108.800 -108.800 -108.800 -108.800
-118.700 -118.700 -118.700 -118.700 -118.700 -118.700 -118.700 -118.700 -118.700 -118.700 -118.700 -118.700 -118.700 -118.700 -118.700 -118.700 -118.700 -118.700 -118.700 -118.700 -118.700 -118.700 -118.700 -118.700 -118.700 -118.700 -118.700 -118.700 -118.700 -118.700 -118.700 -118.700 -118.700 -118.700 -118.700 -118.700 -118.700 -118.700 -118.700 -118.700 -118.700 -118.700 -118.700 -118.700 -118.700 -118.700 -118.700 -118.700 -118.700 -118.700
-128.600 -128.600 -128.600 -128.600 -128.600 -128.600 -128.600 -128.600 -128.600 -128.600 -128.600 -128.600 -128.600 -128.600 -128.600 -128.600 -128.600 -128.600 -128.600 -128.600 -128.600 -128.600 -128.600 -128.600 -128.600 -128.600 -128.600 -128.600 -128.600 -128.600 -128.600 -128.600 -128.600 -128.600 -128.600 -128.600 -128.600 -128.600 -128.600 -128.600 -128.600 -128.600 -128.600 -128.600 -128.600 -128.600 -128.600 -128.600 -128.600 -128.600
-138.500 -138.500 -138.500 -138.500 -138.500 -138.500 -138.500 -138.500 -138.500 -138.500 -138.500 -138.500 -138.500 -138.500 -138.500 -138.500 -138.500 -138.500 -138.500 -138.500 -138.500 -138.500 -138.500 -138.500 -138.500 -138.500 -138.500 -138.500 -138.500 -138.500 -138.500 -138.500 -138.500 -138.500 -138.500 -138.500 -138.500 -138.500 -138.500 -138.500 -138.500 -138.500 -138.500 -138.500 -138.500 -138.500 -138.500 -138.500 -138.500 -138.500
-148.400 -148.400 -148.400 -148.400 -148.400 -148.400 -148.400 -148.400 -148.400 -148.400 -148.400 -148.400 -148.400 -148.400 -148.400 -148.400 -148.400 -148.400 -148.400 -148.400 -148.400 -148.400 -148.400 -148.400 -148.400 -148.400 -148.400 -148.400 -148.400 -148.400 -148.400 -148.400 -148.400 -148.400 -148.400 -148.400 -148.400 -148.400 -148.400 -148.400 -148.400 -148.400 -148.400 -148.400 -148.400 -148.400 -148.400 -148.400 -148.400 -148.400
-158.300 -158.300 -158.300 -158.300 -158.300 -158.300 -158.300 -158.300 -158.300 -158.300 -158.300 -158.300 -158.300 -158.300 -158.300 -158.300 -158.300 -158.300 -158.300 -158.300 -158.300 -158.300 -158.300 -158.300 -158.300 -158.300 -158.300 -158.300 -158.300 -158.300 -158.300 -158.300 -158.300 -158.300 -158.300 -158.300 -158.300 -158.300 -158.300 -158.300 -158.300 -158.300 -158.300 -158.300 -158.300 -158.300 -158.300 -158.300 -158.300 -158.300
-168.200 -168.200 -168.200 -168.200 -168.200 -168.200 -168.200 -168.200 -168.200 -168.200 -168.200 -168.200 -168.200 -168.200 -168.200 -168.200 -168.200 -168.200 -168.200 -168.200 -168.200 -168.200 -168.200 -168.200 -168.200 -168.200 -168.200 -168.200 -168.200 -168.200 -168.200 -168.200 -168.200 -168.200 -168.200 -168.200 -168.200 -168.200 -168.200 -168.200 -168.200 -168.200 -168.200 -168.200 -168.200 -168.200 -168.200 -168.200 -168.200 -168.200
-178.100 -178.100 -178.100 -178.100 -178.100 -178.100 -178.100 -178.100 -178.100 -178.100 -178.100 -178.100 -178.100 -178.100 -178.100 -178.100 -178.100 -178.100 -178.100 -178.100 -178.100 -178.100 -178.100 -178.100 -178.100 -178.100 -178.100 -178.100 -178.100 -178.100 -178.100 -178.100 -178.100 -178.100 -178.100 -178.100 -178.100 -178.100 -178.100 -178.100 -178.100 -178.100 -178.100 -178.100 -178.100 -178.100 -178.100 -178.100 -178.100 -178.100
-188.000 -188.000 -188.000 -188.000 -188.000 -188.000 -188.000 -188.000 -188.000 -188.000 -188.000 -188.000 -188.000 -188.000 -188.000 -188.000 -188.000 -188.000 -188.000 -188.000 -188.000 -188.000 -188.000 -188.000 -188.000 -188.000 -188.000 -188.000 -188.000 -188.000 -188.000 -188.000 -188.000 -188.000 -188.000 -188.000 -188.000 -188.000 -188.000 -188.000 -188.000 -188.000 -188.000 -188.000 -188.000 -188.000 -188.000 -188.000 -188.000 -188.000
-197.900 -197.900 -197.900 -197.900 -197.900 -197.900 -197.900 -197.900 -197.900 -197.900 -197.900 -197.900 -197.900 -197.900 -197.900 -197.900 -197.900 -197.900 -197.900 -197.900 -197.900 -197.900 -197.900 -197.900 -197.900 -197.900 -197.900 -197.900 -197.900 -197.900 -197.900 -197.900 -197.900 -197.900 -197.900 -197.900 -197.900 -197.900 -197.900 -197.900 -197.900 -197.900 -197.900 -197.900 -197.900 -197.900 -197.900 -197.900 -197.900 -197.900
-207.800 -207.800 -207.800 -207.800 -207.800 -207.800 -207.800 -207.800 -207.800 -207.800 -207.800 -207.800 -207.800 -207.800 -207.800 -207.800 -207.800 -207.800 -207.800 -207.800 -207.800 -207.800 -207.800 -207.800 -207.800 -207.800 -207.800 -207.800 -207.800 -207.800 -207.800 -207.800 -207.800 -207.800 -207.800 -207.800 -207.800 -207.800 -207.800 -207.800 -207.800 -207.800 -207.800 -207.800 -207.800 -207.800 -207.800 -207.800 -207.800 -207.800
-217.700 -217.700 -217.700 -217.700 -217.700 -217.700 -217.700 -217.700 -217.700 -217.700 -217.700 -217.700 -217.700 -217.700 -217.700 -217.700 -217.700 -217.700 -217.700 -217.700 -217.700 -217.700 -217.700 -217.700 -217.700 -217.700 -217.700 -217.700 -217.700 -217.700 -217.700 -217.700 -217.700 -217.700 -217.700 -217.700 -217.700 -217.700 -217.700 -217.700 -217.700 -217.700 -217.700 -217.700 -217.700 -217.700 -217.700 -217.700 -217.700 -217.700
-227.600 -227.600 -227.600 -227.600 -227.600 -227.600 -227.600 -227.600 -227.600 -227.600 -227.600 -227.600 -227.600 -227.600 -227.600 -227.600 -227.600 -227.600 -227.600 -227.600 -227.600 -227.600 -227.600 -227.600 -227.600 -227.600 -227.600 -227.600 -227.600 -227.600 -227.600 -227.600 -227.600 -227.600 -227.600 -227.600 -227.600 -227.600 -227.600 -227.600 -227.600 -227.600 -227.600 -227.600 -227.600 -227.600 -227.600 -227.600 -227.600 -227.600
-237.500 -237.500 -237.500 -237.500 -237.500 -237.500 -237.500 -237.500 -237.500 -237.500 -237.500 -237.500 -237.500 -237.500 -237.500 -237.500 -237.500 -237.500 -237.500 -237.500 -237.500 -237.500 -237.500 -237.500 -237.500 -237.500 -237.500 -237.500 -237.500 -237.500 -237.500 -237.500 -237.500 -237.500 -237.500 -237.500 -237.500 -237.500 -237.500 -237.500 -237.500 -237.500 -237.500 -237.500 -237.500 -237.500 -237.500 -237.500 -237.500 -237.500
-247.400 -247.400 -247.400 -247.400 -247.400 -247.400 -247.400 -247.400 -247.400 -247.400 -247.400 -247.400 -247.400 -247.400 -247.400 -247.400 -247.400 -247.400 -247.400 -247.400 -247.400 -247.400 -247.400 -247.400 -247.400 -247.400 -247.400 -247.400 -247.400 -247.400 -247.400 -247.400 -247.400 -247.400 -247.400 -247.400 -247.400 -247.400 -247.400 -247.400 -247.400 -247.400 -247.400 -247.400 -247.400 -247.400 -247.400 -247.400 -247.400 -247.400
-257.300 -257.300 -257.300 -257.300 -257.300 -257.300 -257.300 -257.300 -257.300 -257.300 -257.300 -257.300 -257.300 -257.300 -257.300 -257.300 -257.300 -257.300 -257.300 -257.300 -257.300 -257.300 -257.300 -257.300 -257.300 -257.300 -257.300 -257.300 -257.300 -257.300 -257.300 -257.300 -257.300 -257.300 -257.300 -257.300 -257.300 -257.300 -257.300 -257.300 -257.300 -257.300 -257.300 -257.300 -257.300 -257.300 -257.300 -257.300 -257.300 -257.300
-267.200 -267.200 -267.200 -267.200 -267.200 -267.200 -267.200 -267.200 -267.200 -267.200 -267.200 -267.200 -267.200 -267.200 -267.200 -267.200 -267.200 -267.200 -267.200 -267.200 -267.200 -267.200 -267.200 -267.200 -267.200 -267.200 -267.200 -267.200 -267.200 -267.200 -267.200 -267.200 -267.200 -267.200 -267.200 -267.200 -267.200 -267.200 -267.200 -267.200 -267.200 -267.200 -267.200 -267.200 -267.200 -267.200 -267.200 -267.200 -267.200 -267.200
-277.100 -277.100 -277.100 -277.100 -277.100 -277.100 -277.100 -277.100 -277.100 -277.100 -277.100 -277.100 -277.100 -277.100 -277.100 -277.100 -277.100 -277.100 -277.100 -277.100 -277.100 -277.100 -277.100 -277.100 -277.100 -277.100 -277.100 -277.100 -277.100 -277.100 -277.100 -277.100 -277.100 -277.100 -277.100 -277.100 -277.100 -277.100 -277.100 -277.100 -277.100 -277.100 -277.100 -277.100 -277.100 -277.100 -277.100 -277.100 -277.100 -277.100
-287.000 -287.000 -287.000 -287.000 -287.000 -287.000 -287.000 -287.000 -287.000 -287.000 -287.000 -287.000 -287.000 -287.000 -287.000 -287.000 -287.000 -287.000 -287.000 -287.000 -287.000 -287.000 -287.000 -287.000 -287.000 -287.000 -287.000 -287.000 -287.000 -287.000 -287.000 -287.000 -287.000 -287.000 -287.000 -287.000 -287.000 -287.000 -287.000 -287.000 -287.000 -287.000 -287.000 -287.000 -287.000 -287.000 -287.000 -287.000 -287.000 -287.000
-296.900 -296.900 -296.900 -296.900 -296.900 -296.900 -296.900 -296.900 -296.900 -296.900 -296.900 -296.900 -296.900 -296.900 -296.900 -296.900 -296.900 -296.900 -296.900 -296.900 -296.900 -296.900 -296.900 -296.900 -296.900 -296.900 -296.900 -296.900 -296.900 -296.900 -296.900 -296.900 -296.900 -296.900 -296.900 -296.900 -296.900 -296.900 -296.900 -296.900 -296.900 -296.900 -296.900 -296.900 -296.900 -296.900 -296.900 -296.900 -296.900 -296.900
-306.800 -306.800 -306.800 -306.800 -306.800 -306.800 -306.800 -306.800 -306.800 -306.800 -306.800 -306.800 -306.800 -306.800 -306.800 -306.800 -306.800 -306.800 -306.800 -306.800 -306.800 -306.800 -306.800 -306.800 -306.800 -306.800 -306.800 -306.800 -306.800 -306.800 -306.800 -306.800 -306.800 -306.800 -306.800 -306.800 -306.800 -306.800 -306.800 -306.800 -306.800 -306.800 -306.800 -306.800 -306.800 -306.800 -306.800 -306.800 -306.800 -306.800
-316.700 -316.700 -316.700 -316.700 -316.700 -316.700 -316.700 -316.700 -316.700 -316.700 -316.700 -316.700 -316.700 -316.700 -316.700 -316.700 -316.700 -316.700 -316.700 -316.700 -316.700 -316.700 -316.700 -316.700 -316.700 -316.700 -316.700 -316.700 -316.700 -316.700 -316.700 -316.700 -316.700 -316.700 -316.700 -316.700 -316.700 -316.700 -316.700 -316.700 -316.700 -316.700 -316.700 -316.700 -316.700 -316.700 -316.700 -316.700 -316.700 -316.700
-326.600 -326.600 -326.600 -326.600 -326.600 -326.600 -326.600 -326.600 -326.600 -326.600 -326.600 -326.600 -326.600 -326.600 -326.600 -326.600 -326.600 -326.600 -326.600 -326.600 -326.600 -326.600 -326.600 -326.600 -326.600 -326.600 -326.600 -326.600 -326.600 -326.600 -326.600 -326.600 -326.600 -326.600 -326.600 -326.600 -326.600 -326.600 -326.600 -326.600 -326.600 -326.600 -326.600 -326.600 -326.600 -326.600 -326.600 -326.600 -326.600 -326.600
