data/example_raster_se_to_nw.asc
ncols 	 50 
nrows 	 80 
xllcorner 	 0.0 
yllcorner 	 0.0 
cellsize 	 2.0 
NODATA_value 	 -9999.9 
[rows 0 to 33 of 80, columns 0 to 49 of 50]
10.000 0.100 -9.800 -19.700 -29.600 -39.500 -49.400 -59.300 -69.200 -79.100 -89.000 -98.900 -108.800 -118.700 -128.600 -138.500 -148.400 -158.300 -168.200 -178.100 -188.000 -197.900 -207.800 -217.700 -227.600 -237.500 -247.400 -257.300 -267.200 -277.100 -287.000 -296.900 -306.800 -316.700 -326.600 -336.500 -346.400 -356.300 -366.200 -376.100 -386.000 -395.900 -405.800 -415.700 -425.600 -435.500 -445.400 -455.300 -465.200 -475.100
0.100 -9.800 -19.700 -29.600 -39.500 -49.400 -59.300 -69.200 -79.100 -89.000 -98.900 -108.800 -118.700 -128.600 -138.500 -148.400 -158.300 -168.200 -178.100 -188.000 -197.900 -207.800 -217.700 -227.600 -237.500 -247.400 -257.300 -267.200 -277.100 -287.000 -296.900 -306.800 -316.700 -326.600 -336.500 -346.400 -356.300 -366.200 -376.100 -386.000 -395.900 -405.800 -415.700 -425.600 -435.500 -445.400 -455.300 -465.200 -475.100 -485.000
-9.800 -19.700 -29.600 -39.500 -49.400 -59.300 -69.200 -79.100 -89.000 -98.900 -108.800 -118.700 -128.600 -138.500 -148.400 -158.300 -168.200 -178.100 -188.000 -197.900 -207.800 -217.700 -227.600 -237.500 -247.400 -257.300 -267.200 -277.100 -287.000 -296.900 -306.800 -316.700 -326.600 -336.500 -346.400 -356.300 -366.200 -376.100 -386.000 -395.900 -405.800 -415.700 -425.600 -435.500 -445.400 -455.300 -465.200 -475.100 -485.000 -494.900
-19.700 -29.600 -39.500 -49.400 -59.300 -69.200 -79.100 -89.000 -98.900 -108.800 -118.700 -128.600 -138.500 -148.400 -158.300 -168.200 -178.100 -188.000 -197.900 -207.800 -217.700 -227.600 -237.500 -247.400 -257.300 -267.200 -277.100 -287.000 -296.900 -306.800 -316.700 -326.600 -336.500 -346.400 -356.300 -366.200 -376.100 -386.000 -395.900 -405.800 -415.700 -425.600 -435.500 -445.400 -455.300 -465.200 -475.100 -485.000 -494.900 -504.800
-29.600 -39.500 -49.400 -59.300 -69.200 -79.100 -89.000 -98.900 -108.800 -118.700 -128.600 -138.500 -148.400 -158.300 -168.200 -178.100 -188.000 -197.900 -207.800 -217.700 -227.600 -237.500 -247.400 -257.300 -267.200 -277.100 -287.000 -296.900 -306.800 -316.700 -326.600 -336.500 -346.400 -356.300 -366.200 -376.100 -386.000 -395.900 -405.800 -415.700 -425.600 -435.500 -445.400 -455.300 -465.200 -475.100 -485.000 -494.900 -504.800 -514.700
-39.500 -49.400 -59.300 -69.200 -79.100 -89.000 -98.900 -108.800 -118.700 -128.600 -138.500 -148.400 -158.300 -168.200 -178.100 -188.000 -197.900 -207.800 -217.700 -227.600 -237.500 -247.400 -257.300 -267.200 -277.100 -287.000 -296.900 -306.800 -316.700 -326.600 -336.500 -346.400 -356.300 -366.200 -376.100 -386.000 -395.900 -405.800 -415.700 -425.600 -435.500 -445.400 -455.300 -465.200 -475.100 -485.000 -494.900 -504.800 -514.700 -524.600
-49.400 -59.300 -69.200 -79.100 -89.000 -98.900 -108.800 -118.700 -128.600 -138.500 -148.400 -158.300 -168.200 -178.100 -188.000 -197.900 -207.800 -217.700 -227.600 -237.500 -247.400 -257.300 -267.200 -277.100 -287.000 -296.900 -306.800 -316.700 -326.600 -336.500 -346.400 -356.300 -366.200 -376.100 -386.000 -395.900 -405.800 -415.700 -425.600 -435.500 -445.400 -455.300 -465.200 -475.100 -485.000 -494.900 -504.800 -514.700 -524.600 -534.500
-59.300 -69.200 -79.100 -89.000 -98.900 -108.800 -118.700 -128.600 -138.500 -148.400 -158.300 -168.200 -178.100 -188.000 -197.900 -207.800 -217.700 -227.600 -237.500 -247.400 -257.300 -267.200 -277.100 -287.000 -296.900 -306.800 -316.700 -326.600 -336.500 -346.400 -356.300 -366.200 -376.100 -386.000 -395.900 -405.800 -415.700 -425.600 -435.500 -445.400 -455.300 -465.200 -475.100 -485.000 -494.900 -504.800 -514.700 -524.600 -534.500 -544.400
-69.200 -79.100 -89.000 -98.900 -108.800 -118.700 -128.600 -138.500 -148.400 -158.300 -168.200 -178.100 -188.000 -197.900 -207.800 -217.700 -227.600 -237.500 -247.400 -257.300 -267.200 -277.100 -287.000 -296.900 -306.800 -316.700 -326.600 -336.500 -346.400 -356.300 -366.200 -376.100 -386.000 -395.900 -405.800 -415.700 -425.600 -435.500 -445.400 -455.300 -465.200 -475.100 -485.000 -494.900 -504.800 -514.700 -524.600 -534.500 -544.400 -554.300
-79.100 -89.000 -98.900 -108.800 -118.700 -128.600 -138.500 -148.400 -158.300 -168.200 -178.100 -188.000 -197.900 -207.800 -217.700 -227.600 -237.500 -247.400 -257.300 -267.200 -277.100 -287.000 -296.900 -306.800 -316.700 -326.600 -336.500 -346.400 -356.300 -366.200 -376.100 -386.000 -395.900 -405.800 -415.700 -425.600 -435.500 -445.400 -455.300 -465.200 -475.100 -485.000 -494.900 -504.800 -514.700 -524.600 -534.500 -544.400 -554.300 -564.200
-89.000 -98.900 -108.800 -118.700 -128.600 -138.500 -148.400 -158.300 -168.200 -178.100 -188.000 -197.900 -207.800 -217.700 -227.600 -237.500 -247.400 -257.300 -267.200 -277.100 -287.000 -296.900 -306.800 -316.700 -326.600 -336.500 -346.400 -356.300 -366.200 -376.100 -386.000 -395.900 -405.800 -415.700 -425.600 -435.500 -445.400 -455.300 -465.200 -475.100 -485.000 -494.900 -504.800 -514.700 -524.600 -534.500 -544.400 -554.300 -564.200 -574.100
-98.900 -108.800 -118.700 -128.600 -138.500 -148.400 -158.300 -168.200 -178.100 -188.000 -197.900 -207.800 -217.700 -227.600 -237.500 -247.400 -257.300 -267.200 -277.100 -287.000 -296.900 -306.800 -316.700 -326.600 -336.500 -346.400 -356.300 -366.200 -376.100 -386.000 -395.900 -405.800 -415.700 -425.600 -435.500 -445.400 -455.300 -465.200 -475.100 -485.000 -494.900 -504.800 -514.700 -524.600 -534.500 -544.400 -554.300 -564.200 -574.100 -584.000
-108.800 -118.700 -128.600 -138.500 -148.400 -158.300 -168.200 -178.100 -188.000 -197.900 -207.800 -217.700 -227.600 -237.500 -247.400 -257.300 -267.200 -277.100 -287.000 -296.900 -306.800 -316.700 -326.600 -336.500 -346.400 -356.300 -366.200 -376.100 -386.000 -395.900 -405.800 -415.700 -425.600 -435.500 -445.400 -455.300 -465.200 -475.100 -485.000 -494.900 -504.800 -514.700 -524.600 -534.500 -544.400 -554.300 -564.200 -574.100 -584.000 -593.900
-118.700 -128.600 -138.500 -148.400 -158.300 -168.200 -178.100 -188.000 -197.900 -207.800 -217.700 -227.600 -237.500 -247.400 -257.300 -267.200 -277.100 -287.000 -296.900 -306.800 -316.700 -326.600 -336.500 -346.400 -356.300 -366.200 -376.100 -386.000 -395.900 -405.800 -415.700 -425.600 -435.500 -445.400 -455.300 -465.200 -475.100 -485.000 -494.900 -504.800 -514.700 -524.600 -534.500 -544.400 -554.300 -564.200 -574.100 -584.000 -593.900 -603.800
-128.600 -138.500 -148.400 -158.300 -168.200 -178.100 -188.000 -197.900 -207.800 -217.700 -227.600 -237.500 -247.400 -257.300 -267.200 -277.100 -287.000 -296.900 -306.800 -316.700 -326.600 -336.500 -346.400 -356.300 -366.200 -376.100 -386.000 -395.900 -405.800 -415.700 -425.600 -435.500 -445.400 -455.300 -465.200 -475.100 -485.000 -494.900 -504.800 -514.700 -524.600 -534.500 -544.400 -554.300 -564.200 -574.100 -584.000 -593.900 -603.800 -613.700
-138.500 -148.400 -158.300 -168.200 -178.100 -188.000 -197.900 -207.800 -217.700 -227.600 -237.500 -247.400 -257.300 -267.200 -277.100 -287.000 -296.900 -306.800 -316.700 -326.600 -336.500 -346.400 -356.300 -366.200 -376.100 -386.000 -395.900 -405.800 -415.700 -425.600 -435.500 -445.400 -455.300 -465.200 -475.100 -485.000 -494.900 -504.800 -514.700 -524.600 -534.500 -544.400 -554.300 -564.200 -574.100 -584.000 -593.900 -603.800 -613.700 -623.600
-148.400 -158.300 -168.200 -178.100 -188.000 -197.900 -207.800 -217.700 -227.600 -237.500 -247.400 -257.300 -267.200 -277.100 -287.000 -296.900 -306.800 -316.700 -326.600 -336.500 -346.400 -356.300 -366.200 -376.100 -386.000 -395.900 -405.800 -415.700 -425.600 -435.500 -445.400 -455.300 -465.200 -475.100 -485.000 -494.900 -504.800 -514.700 -524.600 -534.500 -544.400 -554.300 -564.200 -574.100 -584.000 -593.900 -603.800 -613.700 -623.600 -633.500
-158.300 -168.200 -178.100 -188.000 -197.900 -207.800 -217.700 -227.600 -237.500 -247.400 -257.300 -267.200 -277.100 -287.000 -296.900 -306.800 -316.700 -326.600 -336.500 -346.400 -356.300 -366.200 -376.100 -386.000 -395.900 -405.800 -415.700 -425.600 -435.500 -445.400 -455.300 -465.200 -475.100 -485.000 -494.900 -504.800 -514.700 -524.600 -534.500 -544.400 -554.300 -564.200 -574.100 -584.000 -593.900 -603.800 -613.700 -623.600 -633.500 -643.400
-168.200 -178.100 -188.000 -197.900 -207.800 -217.700 -227.600 -237.500 -247.400 -257.300 -267.200 -277.100 -287.000 -296.900 -306.800 -316.700 -326.600 -336.500 -346.400 -356.300 -366.200 -376.100 -386.000 -395.900 -405.800 -415.700 -425.600 -435.500 -445.400 -455.300 -465.200 -475.100 -485.000 -494.900 -504.800 -514.700 -524.600 -534.500 -544.400 -554.300 -564.200 -574.100 -584.000 -593.900 -603.800 -613.700 -623.600 -633.500 -643.400 -653.300
-178.100 -188.000 -197.900 -207.800 -217.700 -227.600 -237.500 -247.400 -257.300 -267.200 -277.100 -287.000 -296.900 -306.800 -316.700 -326.600 -336.500 -346.400 -356.300 -366.200 -376.100 -386.000 -395.900 -405.800 -415.700 -425.600 -435.500 -445.400 -455.300 -465.200 -475.100 -485.000 -494.900 -504.800 -514.700 -524.600 -534.500 -544.400 -554.300 -564.200 -574.100 -584.000 -593.900 -603.800 -613.700 -623.600 -633.500 -643.400 -653.300 -663.200
-188.000 -197.900 -207.800 -217.700 -227.600 -237.500 -247.400 -257.300 -267.200 -277.100 -287.000 -296.900 -306.800 -316.700 -326.600 -336.500 -346.400 -356.300 -366.200 -376.100 -386.000 -395.900 -405.800 -415.700 -425.600 -435.500 -445.400 -455.300 -465.200 -475.100 -485.000 -494.900 -504.800 -514.700 -524.600 -534.500 -544.400 -554.300 -564.200 -574.100 -584.000 -593.900 -603.800 -613.700 -623.600 -633.500 -643.400 -653.300 -663.200 -673.100
-197.900 -207.800 -217.700 -227.600 -237.500 -247.400 -257.300 -267.200 -277.100 -287.000 -296.900 -306.800 -316.700 -326.600 -336.500 -346.400 -356.300 -366.200 -376.100 -386.000 -395.900 -405.800 -415.700 -425.600 -435.500 -445.400 -455.300 -465.200 -475.100 -485.000 -494.900 -504.800 -514.700 -524.600 -534.500 -544.400 -554.300 -564.200 -574.100 -584.000 -593.900 -603.800 -613.700 -623.600 -633.500 -643.400 -653.300 -663.200 -673.100 -683.000
-207.800 -217.700 -227.600 -237.500 -247.400 -257.300 -267.200 -277.100 -287.000 -296.900 -306.800 -316.700 -326.600 -336.500 -346.400 -356.300 -366.200 -376.100 -386.000 -395.900 -405.800 -415.700 -425.600 -435.500 -445.400 -455.300 -465.200 -475.100 -485.000 -494.900 -504.800 -514.700 -524.600 -534.500 -544.400 -554.300 -564.200 -574.100 -584.000 -593.900 -603.800 -613.700 -623.600 -633.500 -643.400 -653.300 -663.200 -673.100 -683.000 -692.900
-217.700 -227.600 -237.500 -247.400 -257.300 -267.200 -277.100 -287.000 -296.900 -306.800 -316.700 -326.600 -336.500 -346.400 -356.300 -366.200 -376.100 -386.000 -395.900 -405.800 -415.700 -425.600 -435.500 -445.400 -455.300 -465.200 -475.100 -485.000 -494.900 -504.800 -514.700 -524.600 -534.500 -544.400 -554.300 -564.200 -574.100 -584.000 -593.900 -603.800 -613.700 -623.600 -633.500 -643.400 -653.300 -663.200 -673.100 -683.000 -692.900 -702.800
-227.600 -237.500 -247.400 -257.300 -267.200 -277.100 -287.000 -296.900 -306.800 -316.700 -326.600 -336.500 -346.400 -356.300 -366.200 -376.100 -386.000 -395.900 -405.800 -415.700 -425.600 -435.500 -445.400 -455.300 -465.200 -475.100 -485.000 -494.900 -504.800 -514.700 -524.600 -534.500 -544.400 -554.300 -564.200 -574.100 -584.000 -593.900 -603.800 -613.700 -623.600 -633.500 -643.400 -653.300 -663.200 -673.100 -683.000 -692.900 -702.800 -712.700
-237.500 -247.400 -257.300 -267.200 -277.100 -287.000 -296.900 -306.800 -316.700 -326.600 -336.500 -346.400 -356.300 -366.200 -376.100 -386.000 -395.900 -405.800 -415.700 -425.600 -435.500 -445.400 -455.300 -465.200 -475.100 -485.000 -494.900 -504.800 -514.700 -524.600 -534.500 -544.400 -554.300 -564.200 -574.100 -584.000 -593.900 -603.800 -613.700 -623.600 -633.500 -643.400 -653.300 -663.200 -673.100 -683.000 -692.900 -702.800 -712.700 -722.600
-247.400 -257.300 -267.200 -277.100 -287.000 -296.900 -306.800 -316.700 -326.600 -336.500 -346.400 -356.300 -366.200 -376.100 -386.000 -395.900 -405.800 -415.700 -425.600 -435.500 -445.400 -455.300 -465.200 -475.100 -485.000 -494.900 -504.800 -514.700 -524.600 -534.500 -544.400 -554.300 -564.200 -574.100 -584.000 -593.900 -603.800 -613.700 -623.600 -633.500 -643.400 -653.300 -663.200 -673.100 -683.000 -692.900 -702.800 -712.700 -722.600 -732.500
-257.300 -267.200 -277.100 -287.000 -296.900 -306.800 -316.700 -326.600 -336.500 -346.400 -356.300 -366.200 -376.100 -386.000 -395.900 -405.800 -415.700 -425.600 -435.500 -445.400 -455.300 -465.200 -475.100 -485.000 -494.900 -504.800 -514.700 -524.600 -534.500 -544.400 -554.300 -564.200 -574.100 -584.000 -593.900 -603.800 -613.700 -623.600 -633.500 -643.400 -653.300 -663.200 -673.100 -683.000 -692.900 -702.800 -712.700 -722.600 -732.500 -742.400
-267.200 -277.100 -287.000 -296.900 -306.800 -316.700 -326.600 -336.500 -346.400 -356.300 -366.200 -376.100 -386.000 -395.900 -405.800 -415.700 -425.600 -435.500 -445.400 -455.300 -465.200 -475.100 -485.000 -494.900 -504.800 -514.700 -524.600 -534.500 -544.400 -554.300 -564.200 -574.100 -584.000 -593.900 -603.800 -613.700 -623.600 -633.500 -643.400 -653.300 -663.200 -673.100 -683.000 -692.900 -702.800 -712.700 -722.600 -732.500 -742.400 -752.300
-277.100 -287.000 -296.900 -306.800 -316.700 -326.600 -336.500 -346.400 -356.300 -366.200 -376.100 -386.000 -395.900 -405.800 -415.700 -425.600 -435.500 -445.400 -455.300 -465.200 -475.100 -485.000 -494.900 -504.800 -514.700 -524.600 -534.500 -544.400 -554.300 -564.200 -574.100 -584.000 -593.900 -603.800 -613.700 -623.600 -633.500 -643.400 -653.300 -663.200 -673.100 -683.000 -692.900 -702.800 -712.700 -722.600 -732.500 -742.400 -752.300 -762.200
-287.000 -296.900 -306.800 -316.700 -326.600 -336.500 -346.400 -356.300 -366.200 -376.100 -386.000 -395.900 -405.800 -415.700 -425.600 -435.500 -445.400 -455.300 -465.200 -475.100 -485.000 -494.900 -504.800 -514.700 -524.600 -534.500 -544.400 -554.300 -564.200 -574.100 -584.000 -593.900 -603.800 -613.700 -623.600 -633.500 -643.400 -653.300 -663.200 -673.100 -683.000 -692.900 -702.800 -712.700 -722.600 -732.500 -742.400 -752.300 -762.200 -772.100
-296.900 -306.800 -316.700 -326.600 -336.500 -346.400 -356.300 -366.200 -376.100 -386.000 -395.900 -405.800 -415.700 -425.600 -435.500 -445.400 -455.300 -465.200 -475.100 -485.000 -494.900 -504.800 -514.700 -524.600 -534.500 -544.400 -554.300 -564.200 -574.100 -584.000 -593.900 -603.800 -613.700 -623.600 -633.500 -643.400 -653.300 -663.200 -673.100 -683.000 -692.900 -702.800 -712.700 -722.600 -732.500 -742.400 -752.300 -762.200 -772.100 -782.000
-306.800 -316.700 -326.600 -336.500 -346.400 -356.300 -366.200 -376.100 -386.000 -395.900 -405.800 -415.700 -425.600 -435.500 -445.400 -455.300 -465.200 -475.100 -485.000 -494.900 -504.800 -514.700 -524.600 -534.500 -544.400 -554.300 -564.200 -574.100 -584.000 -593.900 -603.800 -613.700 -623.600 -633.500 -643.400 -653.300 -663.200 -673.100 -683.000 -692.900 -702.800 -712.700 -722.600 -732.500 -742.400 -752.300 -762.200 -772.100 -782.000 -791.900
-316.700 -326.600 -336.500 -346.400 -356.300 -366.200 -376.100 -386.000 -395.900 -405.800 -415.700 -425.600 -435.500 -445.400 -455.300 -465.200 -475.100 -485.000 -494.900 -504.800 -514.700 -524.600 -534.500 -544.400 -554.300 -564.200 -574.100 -584.000 -593.900 -603.800 -613.700 -623.600 -633.500 -643.400 -653.300 -663.200 -673.100 -683.000 -692.900 -702.800 -712.700 -722.600 -732.500 -742.400 -752.300 -762.200 -772.100 -782.000 -791.900 -801.800
