data/example_raster_se_to_nw.asc
ncols 	 50 
nrows 	 80 
xllcorner 	 0.0 
yllcorner 	 0.0 
cellsize 	 2.0 
NODATA_value 	 -9999.9 
[rows 34 to 67 of 80, columns 0 to 49 of 50]
-326.600 -336.500 -346.400 -356.300 -366.200 -376.100 -386.000 -395.900 -405.800 -415.700 -425.600 -435.500 -445.400 -455.300 -465.200 -475.100 -485.000 -494.900 -504.800 -514.700 -524.600 -534.500 -544.400 -554.300 -564.200 -574.100 -584.000 -593.900 -603.800 -613.700 -623.600 -633.500 -643.400 -653.300 -663.200 -673.100 -683.000 -692.900 -702.800 -712.700 -722.600 -732.500 -742.400 -752.300 -762.200 -772.100 -782.000 -791.900 -801.800 -811.700
-336.500 -346.400 -356.300 -366.200 -376.100 -386.000 -395.900 -405.800 -415.700 -425.600 -435.500 -445.400 -455.300 -465.200 -475.100 -485.000 -494.900 -504.800 -514.700 -524.600 -534.500 -544.400 -554.300 -564.200 -574.100 -584.000 -593.900 -603.800 -613.700 -623.600 -633.500 -643.400 -653.300 -663.200 -673.100 -683.000 -692.900 -702.800 -712.700 -722.600 -732.500 -742.400 -752.300 -762.200 -772.100 -782.000 -791.900 -801.800 -811.700 -821.600
-346.400 -356.300 -366.200 -376.100 -386.000 -395.900 -405.800 -415.700 -425.600 -435.500 -445.400 -455.300 -465.200 -475.100 -485.000 -494.900 -504.800 -514.700 -524.600 -534.500 -544.400 -554.300 -564.200 -574.100 -584.000 -593.900 -603.800 -613.700 -623.600 -633.500 -643.400 -653.300 -663.200 -673.100 -683.000 -692.900 -702.800 -712.700 -722.600 -732.500 -742.400 -752.300 -762.200 -772.100 -782.000 -791.900 -801.800 -811.700 -821.600 -831.500
-356.300 -366.200 -376.100 -386.000 -395.900 -405.800 -415.700 -425.600 -435.500 -445.400 -455.300 -465.200 -475.100 -485.000 -494.900 -504.800 -514.700 -524.600 -534.500 -544.400 -554.300 -564.200 -574.100 -584.000 -593.900 -603.800 -613.700 -623.600 -633.500 -643.400 -653.300 -663.200 -673.100 -683.000 -692.900 -702.800 -712.700 -722.600 -732.500 -742.400 -752.300 -762.200 -772.100 -782.000 -791.900 -801.800 -811.700 -821.600 -831.500 -841.400
-366.200 -376.100 -386.000 -395.900 -405.800 -415.700 -425.600 -435.500 -445.400 -455.300 -465.200 -475.100 -485.000 -494.900 -504.800 -514.700 -524.600 -534.500 -544.400 -554.300 -564.200 -574.100 -584.000 -593.900 -603.800 -613.700 -623.600 -633.500 -643.400 -653.300 -663.200 -673.100 -683.000 -692.900 -702.800 -712.700 -722.600 -732.500 -742.400 -752.300 -762.200 -772.100 -782.000 -791.900 -801.800 -811.700 -821.600 -831.500 -841.400 -851.300
-376.100 -386.000 -395.900 -405.800 -415.700 -425.600 -435.500 -445.400 -455.300 -465.200 -475.100 -485.000 -494.900 -504.800 -514.700 -524.600 -534.500 -544.400 -554.300 -564.200 -574.100 -584.000 -593.900 -603.800 -613.700 -623.600 -633.500 -643.400 -653.300 -663.200 -673.100 -683.000 -692.900 -702.800 -712.700 -722.600 -732.500 -742.400 -752.300 -762.200 -772.100 -782.000 -791.900 -801.800 -811.700 -821.600 -831.500 -841.400 -851.300 -861.200
-386.000 -395.900 -405.800 -415.700 -425.600 -435.500 -445.400 -455.300 -465.200 -475.100 -485.000 -494.900 -504.800 -514.700 -524.600 -534.500 -544.400 -554.300 -564.200 -574.100 -584.000 -593.900 -603.800 -613.700 -623.600 -633.500 -643.400 -653.300 -663.200 -673.100 -683.000 -692.900 -702.800 -712.700 -722.600 -732.500 -742.400 -752.300 -762.200 -772.100 -782.000 -791.900 -801.800 -811.700 -821.600 -831.500 -841.400 -851.300 -861.200 -871.100
-395.900 -405.800 -415.700 -425.600 -435.500 -445.400 -455.300 -465.200 -475.100 -485.000 -494.900 -504.800 -514.700 -524.600 -534.500 -544.400 -554.300 -564.200 -574.100 -584.000 -593.900 -603.800 -613.700 -623.600 -633.500 -643.400 -653.300 -663.200 -673.100 -683.000 -692.900 -702.800 -712.700 -722.600 -732.500 -742.400 -752.300 -762.200 -772.100 -782.000 -791.900 -801.800 -811.700 -821.600 -831.500 -841.400 -851.300 -861.200 -871.100 -881.000
-405.800 -415.700 -425.600 -435.500 -445.400 -455.300 -465.200 -475.100 -485.000 -494.900 -504.800 -514.700 -524.600 -534.500 -544.400 -554.300 -564.200 -574.100 -584.000 -593.900 -603.800 -613.700 -623.600 -633.500 -643.400 -653.300 -663.200 -673.100 -683.000 -692.900 -702.800 -712.700 -722.600 -732.500 -742.400 -752.300 -762.200 -772.100 -782.000 -791.900 -801.800 -811.700 -821.600 -831.500 -841.400 -851.300 -861.200 -871.100 -881.000 -890.900
-415.700 -425.600 -435.500 -445.400 -455.300 -465.200 -475.100 -485.000 -494.900 -504.800 -514.700 -524.600 -534.500 -544.400 -554.300 -564.200 -574.100 -584.000 -593.900 -603.800 -613.700 -623.600 -633.500 -643.400 -653.300 -663.200 -673.100 -683.000 -692.900 -702.800 -712.700 -722.600 -732.500 -742.400 -752.300 -762.200 -772.100 -782.000 -791.900 -801.800 -811.700 -821.600 -831.500 -841.400 -851.300 -861.200 -871.100 -881.000 -890.900 -900.800
-425.600 -435.500 -445.400 -455.300 -465.200 -475.100 -485.000 -494.900 -504.800 -514.700 -524.600 -534.500 -544.400 -554.300 -564.200 -574.100 -584.000 -593.900 -603.800 -613.700 -623.600 -633.500 -643.400 -653.300 -663.200 -673.100 -683.000 -692.900 -702.800 -712.700 -722.600 -732.500 -742.400 -752.300 -762.200 -772.100 -782.000 -791.900 -801.800 -811.700 -821.600 -831.500 -841.400 -851.300 -861.200 -871.100 -881.000 -890.900 -900.800 -910.700
-435.500 -445.400 -455.300 -465.200 -475.100 -485.000 -494.900 -504.800 -514.700 -524.600 -534.500 -544.400 -554.300 -564.200 -574.100 -584.000 -593.900 -603.800 -613.700 -623.600 -633.500 -643.400 -653.300 -663.200 -673.100 -683.000 -692.900 -702.800 -712.700 -722.600 -732.500 -742.400 -752.300 -762.200 -772.100 -782.000 -791.900 -801.800 -811.700 -821.600 -831.500 -841.400 -851.300 -861.200 -871.100 -881.000 -890.900 -900.800 -910.700 -920.600
-445.400 -455.300 -465.200 -475.100 -485.000 -494.900 -504.800 -514.700 -524.600 -534.500 -544.400 -554.300 -564.200 -574.100 -584.000 -593.900 -603.800 -613.700 -623.600 -633.500 -643.400 -653.300 -663.200 -673.100 -683.000 -692.900 -702.800 -712.700 -722.600 -732.500 -742.400 -752.300 -762.200 -772.100 -782.000 -791.900 -801.800 -811.700 -821.600 -831.500 -841.400 -851.300 -861.200 -871.100 -881.000 -890.900 -900.800 -910.700 -920.600 -930.500
-455.300 -465.200 -475.100 -485.000 -494.900 -504.800 -514.700 -524.600 -534.500 -544.400 -554.300 -564.200 -574.100 -584.000 -593.900 -603.800 -613.700 -623.600 -633.500 -643.400 -653.300 -663.200 -673.100 -683.000 -692.900 -702.800 -712.700 -722.600 -732.500 -742.400 -752.300 -762.200 -772.100 -782.000 -791.900 -801.800 -811.700 -821.600 -831.500 -841.400 -851.300 -861.200 -871.100 -881.000 -890.900 -900.800 -910.700 -920.600 -930.500 -940.400
-465.200 -475.100 -485.000 -494.900 -504.800 -514.700 -524.600 -534.500 -544.400 -554.300 -564.200 -574.100 -584.000 -593.900 -603.800 -613.700 -623.600 -633.500 -643.400 -653.300 -663.200 -673.100 -683.000 -692.900 -702.800 -712.700 -722.600 -732.500 -742.400 -752.300 -762.200 -772.100 -782.000 -791.900 -801.800 -811.700 -821.600 -831.500 -841.400 -851.300 -861.200 -871.100 -881.000 -890.900 -900.800 -910.700 -920.600 -930.500 -940.400 -950.300
-475.100 -485.000 -494.900 -504.800 -514.700 -524.600 -534.500 -544.400 -554.300 -564.200 -574.100 -584.000 -593.900 -603.800 -613.700 -623.600 -633.500 -643.400 -653.300 -663.200 -673.100 -683.000 -692.900 -702.800 -712.700 -722.600 -732.500 -742.400 -752.300 -762.200 -772.100 -782.000 -791.900 -801.800 -811.700 -821.600 -831.500 -841.400 -851.300 -861.200 -871.100 -881.000 -890.900 -900.800 -910.700 -920.600 -930.500 -940.400 -950.300 -960.200
-485.000 -494.900 -504.800 -514.700 -524.600 -534.500 -544.400 -554.300 -564.200 -574.100 -584.000 -593.900 -603.800 -613.700 -623.600 -633.500 -643.400 -653.300 -663.200 -673.100 -683.000 -692.900 -702.800 -712.700 -722.600 -732.500 -742.400 -752.300 -762.200 -772.100 -782.000 -791.900 -801.800 -811.700 -821.600 -831.500 -841.400 -851.300 -861.200 -871.100 -881.000 -890.900 -900.800 -910.700 -920.600 -930.500 -940.400 -950.300 -960.200 -970.100
-494.900 -504.800 -514.700 -524.600 -534.500 -544.400 -554.300 -564.200 -574.100 -584.000 -593.900 -603.800 -613.700 -623.600 -633.500 -643.400 -653.300 -663.200 -673.100 -683.000 -692.900 -702.800 -712.700 -722.600 -732.500 -742.400 -752.300 -762.200 -772.100 -782.000 -791.900 -801.800 -811.700 -821.600 -831.500 -841.400 -851.300 -861.200 -871.100 -881.000 -890.900 -900.800 -910.700 -920.600 -930.500 -940.400 -950.300 -960.200 -970.100 -980.000
-504.800 -514.700 -524.600 -534.500 -544.400 -554.300 -564.200 -574.100 -584.000 -593.900 -603.800 -613.700 -623.600 -633.500 -643.400 -653.300 -663.200 -673.100 -683.000 -692.900 -702.800 -712.700 -722.600 -732.500 -742.400 -752.300 -762.200 -772.100 -782.000 -791.900 -801.800 -811.700 -821.600 -831.500 -841.400 -851.300 -861.200 -871.100 -881.000 -890.900 -900.800 -910.700 -920.600 -930.500 -940.400 -950.300 -960.200 -970.100 -980.000 -989.900
-514.700 -524.600 -534.500 -544.400 -554.300 -564.200 -574.100 -584.000 -593.900 -603.800 -613.700 -623.600 -633.500 -643.400 -653.300 -663.200 -673.100 -683.000 -692.900 -702.800 -712.700 -722.600 -732.500 -742.400 -752.300 -762.200 -772.100 -782.000 -791.900 -801.800 -811.700 -821.600 -831.500 -841.400 -851.300 -861.200 -871.100 -881.000 -890.900 -900.800 -910.700 -920.600 -930.500 -940.400 -950.300 -960.200 -970.100 -980.000 -989.900 -999.800
-524.600 -534.500 -544.400 -554.300 -564.200 -574.100 -584.000 -593.900 -603.800 -613.700 -623.600 -633.500 -643.400 -653.300 -663.200 -673.100 -683.000 -692.900 -702.800 -712.700 -722.600 -732.500 -742.400 -752.300 -762.200 -772.100 -782.000 -791.900 -801.800 -811.700 -821.600 -831.500 -841.400 -851.300 -861.200 -871.100 -881.000 -890.900 -900.800 -910.700 -920.600 -930.500 -940.400 -950.300 -960.200 -970.100 -980.000 -989.900 -999.800 -1009.700
-534.500 -544.400 -554.300 -564.200 -574.100 -584.000 -593.900 -603.800 -613.700 -623.600 -633.500 -643.400 -653.300 -663.200 -673.100 -683.000 -692.900 -702.800 -712.700 -722.600 -732.500 -742.400 -752.300 -762.200 -772.100 -782.000 -791.900 -801.800 -811.700 -821.600 -831.500 -841.400 -851.300 -861.200 -871.100 -881.000 -890.900 -900.800 -910.700 -920.600 -930.500 -940.400 -950.300 -960.200 -970.100 -980.000 -989.900 -999.800 -1009.700 -1019.600
-544.400 -554.300 -564.200 -574.100 -584.000 -593.900 -603.800 -613.700 -623.600 -633.500 -643.400 -653.300 -663.200 -673.100 -683.000 -692.900 -702.800 -712.700 -722.600 -732.500 -742.400 -752.300 -762.200 -772.100 -782.000 -791.900 -801.800 -811.700 -821.600 -831.500 -841.400 -851.300 -861.200 -871.100 -881.000 -890.900 -900.800 -910.700 -920.600 -930.500 -940.400 -950.300 -960.200 -970.100 -980.000 -989.900 -999.800 -1009.700 -1019.600 -1029.500
-554.300 -564.200 -574.100 -584.000 -593.900 -603.800 -613.700 -623.600 -633.500 -643.400 -653.300 -663.200 -673.100 -683.000 -692.900 -702.800 -712.700 -722.600 -732.500 -742.400 -752.300 -762.200 -772.100 -782.000 -791.900 -801.800 -811.700 -821.600 -831.500 -841.400 -851.300 -861.200 -871.100 -881.000 -890.900 -900.800 -910.700 -920.600 -930.500 -940.400 -950.300 -960.200 -970.100 -980.000 -989.900 -999.800 -1009.700 -1019.600 -1029.500 -1039.400
-564.200 -574.100 -584.000 -593.900 -603.800 -613.700 -623.600 -633.500 -643.400 -653.300 -663.200 -673.100 -683.000 -692.900 -702.800 -712.700 -722.600 -732.500 -742.400 -752.300 -762.200 -772.100 -782.000 -791.900 -801.800 -811.700 -821.600 -831.500 -841.400 -851.300 -861.200 -871.100 -881.000 -890.900 -900.800 -910.700 -920.600 -930.500 -940.400 -950.300 -960.200 -970.100 -980.000 -989.900 -999.800 -1009.700 -1019.600 -1029.500 -1039.400 -1049.300
-574.100 -584.000 -593.900 -603.800 -613.700 -623.600 -633.500 -643.400 -653.300 -663.200 -673.100 -683.000 -692.900 -702.800 -712.700 -722.600 -732.500 -742.400 -752.300 -762.200 -772.100 -782.000 -791.900 -801.800 -811.700 -821.600 -831.500 -841.400 -851.300 -861.200 -871.100 -881.000 -890.900 -900.800 -910.700 -920.600 -930.500 -940.400 -950.300 -960.200 -970.100 -980.000 -989.900 -999.800 -1009.700 -1019.600 -1029.500 -1039.400 -1049.300 -1059.200
-584.000 -593.900 -603.800 -613.700 -623.600 -633.500 -643.400 -653.300 -663.200 -673.100 -683.000 -692.900 -702.800 -712.700 -722.600 -732.500 -742.400 -752.300 -762.200 -772.100 -782.000 -791.900 -801.800 -811.700 -821.600 -831.500 -841.400 -851.300 -861.200 -871.100 -881.000 -890.900 -900.800 -910.700 -920.600 -930.500 -940.400 -950.300 -960.200 -970.100 -980.000 -989.900 -999.800 -1009.700 -1019.600 -1029.500 -1039.400 -1049.300 -1059.200 -1069.100
-593.900 -603.800 -613.700 -623.600 -633.500 -643.400 -653.300 -663.200 -673.100 -683.000 -692.900 -702.800 -712.700 -722.600 -732.500 -742.400 -752.300 -762.200 -772.100 -782.000 -791.900 -801.800 -811.700 -821.600 -831.500 -841.400 -851.300 -861.200 -871.100 -881.000 -890.900 -900.800 -910.700 -920.600 -930.500 -940.400 -950.300 -960.200 -970.100 -980.000 -989.900 -999.800 -1009.700 -1019.600 -1029.500 -1039.400 -1049.300 -1059.200 -1069.100 -1079.000
-603.800 -613.700 -623.600 -633.500 -643.400 -653.300 -663.200 -673.100 -683.000 -692.900 -702.800 -712.700 -722.600 -732.500 -742.400 -752.300 -762.200 -772.100 -782.000 -791.900 -801.800 -811.700 -821.600 -831.500 -841.400 -851.300 -861.200 -871.100 -881.000 -890.900 -900.800 -910.700 -920.600 -930.500 -940.400 -950.300 -960.200 -970.100 -980.000 -989.900 -999.800 -1009.700 -1019.600 -1029.500 -1039.400 -1049.300 -1059.200 -1069.100 -1079.000 -1088.900
-613.700 -623.600 -633.500 -643.400 -653.300 -663.200 -673.100 -683.000 -692.900 -702.800 -712.700 -722.600 -732.500 -742.400 -752.300 -762.200 -772.100 -782.000 -791.900 -801.800 -811.700 -821.600 -831.500 -841.400 -851.300 -861.200 -871.100 -881.000 -890.900 -900.800 -910.700 -920.600 -930.500 -940.400 -950.300 -960.200 -970.100 -980.000 -989.900 -999.800 -1009.700 -1019.600 -1029.500 -1039.400 -1049.300 -1059.200 -1069.100 -1079.000 -1088.900 -1098.800
-623.600 -633.500 -643.400 -653.300 -663.200 -673.100 -683.000 -692.900 -702.800 -712.700 -722.600 -732.500 -742.400 -752.300 -762.200 -772.100 -782.000 -791.900 -801.800 -811.700 -821.600 -831.500 -841.400 -851.300 -861.200 -871.100 -881.000 -890.900 -900.800 -910.700 -920.600 -930.500 -940.400 -950.300 -960.200 -970.100 -980.000 -989.900 -999.800 -1009.700 -1019.600 -1029.500 -1039.400 -1049.300 -1059.200 -1069.100 -1079.000 -1088.900 -1098.800 -1108.700
-633.500 -643.400 -653.300 -663.200 -673.100 -683.000 -692.900 -702.800 -712.700 -722.600 -732.500 -742.400 -752.300 -762.200 -772.100 -782.000 -791.900 -801.800 -811.700 -821.600 -831.500 -841.400 -851.300 -861.200 -871.100 -881.000 -890.900 -900.800 -910.700 -920.600 -930.500 -940.400 -950.300 -960.200 -970.100 -980.000 -989.900 -999.800 -1009.700 -1019.600 -1029.500 -1039.400 -1049.300 -1059.200 -1069.100 -1079.000 -1088.900 -1098.800 -1108.700 -1118.600
-643.400 -653.300 -663.200 -673.100 -683.000 -692.900 -702.800 -712.700 -722.600 -732.500 -742.400 -752.300 -762.200 -772.100 -782.000 -791.900 -801.800 -811.700 -821.600 -831.500 -841.400 -851.300 -861.200 -871.100 -881.000 -890.900 -900.800 -910.700 -920.600 -930.500 -940.400 -950.300 -960.200 -970.100 -980.000 -989.900 -999.800 -1009.700 -1019.600 -1029.500 -1039.400 -1049.300 -1059.200 -1069.100 -1079.000 -1088.900 -1098.800 -1108.700 -1118.600 -1128.500
-653.300 -663.200 -673.100 -683.000 -692.900 -702.800 -712.700 -722.600 -732.500 -742.400 -752.300 -762.200 -772.100 -782.000 -791.900 -801.800 -811.700 -821.600 -831.500 -841.400 -851.300 -861.200 -871.100 -881.000 -890.900 -900.800 -910.700 -920.600 -930.500 -940.400 -950.300 -960.200 -970.100 -980.000 -989.900 -999.800 -1009.700 -1019.600 -1029.500 -1039.400 -1049.300 -1059.200 -1069.100 -1079.000 -1088.900 -1098.800 -1108.700 -1118.600 -1128.500 -1138.400
